"","X1","X2","X3","X4","X5","X6","X7","X8","X9","X10","X11","X12","X13","X14","X15","X16","X17","X18","X19","X20","X21","X22","X23","X24","X25","X26","X27","X28","X29","X30","X31","X32","X33","X34","X35","X36","X37","X38","X39","X40","X41","X42","X43","X44","X45","X46","X47","X48"
"1",0,0,0,0,0,0,0,0,0,0,0,1,0,0,0,2,0,1,0,0,0,0,0,0,0,0,0,0,0,0,0,0,0,0,0,0,0,1,0,0,0,0,0,0,0,0,0,0
"2",0,0,0,0,0,0,0,1,0,1,0,0,0,0,0,0,0,0,0,0,0,0,0,0,0,0,0,0,0,0,0,0,0,0,0,0,0,0,0,0,0,0,0,0,0,0,0,0
"3",0,0,0,0,0,0,0,0,0,0,0,0,0,0,0,0,0,0,0,0,0,0,0,0,0,0,0,0,0,0,0,0,0,0,0,0,0,0,0,1,0,0,0,0,0,0,0,0
"4",0,0,0,0,0,0,0,0,0,1,0,0,0,1,0,0,0,0,1,0,0,0,0,0,0,0,0,0,0,0,0,0,0,0,0,0,0,0,0,0,0,0,0,0,0,0,0,0
"5",0,0,0,0,2,8,11,4,6,7,2,5,5,5,14,16,21,4,9,9,4,2,1,1,0,0,0,0,0,0,0,1,1,2,1,1,0,2,2,2,2,0,1,0,0,0,0,1
"6",0,0,0,0,0,0,0,0,0,0,0,0,1,1,0,1,0,0,0,0,0,1,0,0,0,0,0,0,0,0,0,0,0,0,0,0,0,0,0,0,0,0,0,0,0,0,0,0
"7",0,0,0,0,0,0,0,0,0,0,0,0,0,0,0,0,0,0,0,0,0,0,0,0,0,0,0,0,0,0,0,0,0,0,0,0,0,0,0,0,0,0,0,0,0,0,0,0
"8",0,0,0,0,0,0,0,0,1,0,0,0,0,0,0,0,0,0,0,0,0,0,0,0,0,0,0,0,0,0,0,0,0,0,0,0,0,0,0,0,0,0,0,0,0,0,0,0
"9",0,0,0,9,10,31,19,19,24,15,5,15,16,20,12,18,12,7,10,13,10,6,5,3,0,0,0,1,3,3,3,1,3,4,5,2,6,3,2,4,1,6,3,2,3,1,0,0
"10",0,1,1,2,0,2,4,2,3,2,0,1,3,0,0,3,2,2,2,0,2,1,0,0,0,0,0,0,0,0,0,2,0,0,0,0,0,2,0,0,0,0,0,1,0,0,0,0
"11",0,1,1,7,23,52,55,25,15,20,10,8,14,14,17,21,8,16,6,12,12,9,4,0,0,1,0,0,5,8,1,8,4,5,3,2,2,3,6,3,4,0,5,1,1,0,0,0
"12",1,0,0,0,0,0,0,0,0,0,0,1,0,0,0,0,0,1,0,1,0,0,0,0,0,0,0,0,0,0,0,0,0,0,0,0,0,0,0,0,0,0,0,0,0,0,0,0
"13",0,0,0,0,0,0,0,1,0,1,0,0,0,0,0,0,0,1,0,0,0,0,0,0,0,0,0,0,0,0,0,0,0,0,0,0,1,0,0,0,0,0,0,0,0,0,0,0
"14",27,27,40,192,707,1208,1142,863,782,725,700,872,1038,1226,1476,1085,1106,978,876,608,390,269,152,68,3,2,7,38,101,184,179,193,199,203,222,245,260,262,359,308,311,294,257,151,71,48,22,8
"15",0,0,0,1,0,0,0,1,1,0,1,0,1,0,0,0,0,0,0,0,0,1,0,1,0,0,0,0,0,0,0,0,0,0,0,0,0,0,0,0,0,0,0,0,0,0,0,0
"16",0,0,0,0,0,1,0,2,0,0,0,0,0,0,0,0,2,1,0,0,0,0,0,0,0,0,0,0,0,0,0,0,1,0,0,0,1,0,0,0,0,0,0,0,0,0,0,0
"17",0,0,0,0,1,0,1,1,0,0,0,0,1,0,0,1,0,0,0,0,0,0,0,0,0,0,0,0,0,0,0,0,0,1,0,0,0,0,0,0,0,0,0,0,0,0,0,0
"18",0,0,0,0,0,0,0,0,0,0,0,0,0,0,0,0,0,0,0,0,0,0,0,0,0,0,0,0,0,0,0,0,0,0,0,0,0,0,0,0,0,0,0,0,0,0,0,0
"19",0,0,0,2,5,14,16,10,11,4,2,4,8,5,10,15,70,11,12,12,2,3,3,3,0,0,0,0,1,2,3,1,2,2,1,2,2,3,6,4,1,3,4,0,0,1,0,0
"20",106,125,214,930,3197,5585,5137,4465,4882,4507,4318,5686,7578,10243,12700,10237,8971,7511,5890,3637,2026,1185,716,249,27,25,31,154,509,943,923,827,932,932,857,1197,1438,1628,2141,2115,1888,1641,1358,735,364,161,88,37
"21",23,23,56,269,1280,2307,2287,1669,1499,1473,1203,1596,2136,3277,4326,3610,3455,2808,1993,1269,773,403,258,93,6,7,11,51,152,372,373,278,313,289,232,340,391,572,737,639,665,572,459,258,133,62,29,16
"22",0,0,0,0,0,0,0,0,0,0,0,0,0,0,0,0,0,0,1,0,1,0,0,0,0,0,0,0,0,0,0,0,0,0,0,0,0,0,0,0,0,0,0,0,0,0,0,0
"23",0,0,0,0,2,1,0,0,0,0,0,0,1,0,0,1,1,0,0,0,0,0,0,0,0,0,0,0,0,0,0,0,0,0,0,0,0,0,0,0,0,0,0,0,0,0,0,0
"24",1,0,0,2,11,14,7,7,9,8,2,14,6,9,7,14,48,28,21,6,6,1,1,0,0,0,0,1,2,2,2,2,2,1,1,2,2,0,2,4,4,3,1,3,0,0,0,1
"25",0,0,0,0,2,1,2,0,0,2,0,0,2,1,1,0,2,2,0,0,0,0,0,0,0,0,0,0,0,1,0,0,0,0,0,1,0,1,1,0,1,0,0,0,0,0,0,0
"26",0,2,2,2,10,27,19,21,23,14,9,9,14,29,26,25,78,33,29,15,16,5,6,3,0,1,0,1,0,2,2,2,1,2,4,2,2,4,5,7,7,6,5,2,1,1,0,0
"27",0,0,0,0,0,4,2,1,0,1,1,1,1,1,1,0,0,0,2,1,0,0,0,0,0,0,0,1,2,0,1,0,0,0,0,0,0,0,1,0,0,0,1,0,1,0,0,0
"28",0,0,0,0,1,0,0,1,0,2,0,0,0,0,0,0,0,1,0,0,0,0,0,0,0,0,0,0,0,0,0,0,0,0,0,0,0,0,0,0,0,0,0,0,0,0,0,0
"29",0,0,0,0,0,7,6,5,1,0,0,0,0,1,1,4,4,3,3,0,0,0,0,0,0,0,0,0,0,1,0,0,0,0,0,0,0,0,0,0,0,0,0,1,1,0,0,0
"30",0,0,0,2,3,3,11,0,0,1,2,0,0,2,0,1,3,5,1,0,0,0,0,0,0,0,0,0,0,0,0,1,0,0,0,1,0,0,1,0,0,1,0,0,0,0,0,0
"31",0,0,0,0,0,0,1,2,2,0,1,0,0,0,0,1,1,0,0,0,0,0,0,0,0,0,0,0,0,0,0,0,0,0,0,0,0,0,0,0,0,0,0,0,0,0,0,0
"32",0,0,0,0,0,0,0,0,0,0,0,0,0,0,0,0,0,0,0,0,0,0,0,0,0,0,0,0,0,0,0,0,0,0,0,0,0,0,0,0,0,0,0,0,0,0,0,0
"33",0,1,0,3,9,29,37,12,11,8,3,2,7,9,17,11,4,11,5,7,4,3,2,0,0,0,0,3,2,1,3,2,1,7,1,1,1,3,5,4,1,6,3,7,0,1,1,1
"34",0,0,0,0,0,1,1,1,0,0,1,0,1,0,2,1,1,0,0,0,0,0,0,1,0,0,0,0,0,0,0,0,0,0,0,0,0,0,0,0,1,0,0,0,0,0,0,0
"35",0,0,0,0,0,0,0,0,0,0,0,0,0,0,0,0,0,0,1,0,0,0,0,0,0,0,0,0,0,0,0,0,0,0,0,0,0,0,0,0,0,0,0,0,1,0,0,0
"36",0,0,0,2,1,2,2,2,2,1,1,0,0,1,2,1,1,0,1,0,0,0,0,0,0,0,0,0,0,0,0,0,2,0,0,2,0,1,0,1,0,0,0,0,0,0,0,0
"37",7,13,28,118,619,1266,1266,847,799,696,653,852,1312,1853,2154,1735,1509,1261,1029,630,335,183,127,41,0,5,5,24,81,144,181,149,133,116,114,153,192,262,351,302,300,253,259,143,53,17,16,4
"38",0,0,0,1,2,1,1,2,0,0,0,2,0,0,1,0,0,1,0,0,0,0,0,0,0,0,0,0,0,0,0,0,0,0,0,1,0,0,0,0,0,0,1,0,0,0,0,0
"39",0,0,0,0,0,1,0,0,0,0,1,1,0,0,1,0,2,0,0,0,0,0,0,0,0,0,0,0,0,0,0,0,0,0,0,0,0,0,0,0,0,0,0,0,0,0,0,0
"40",0,0,0,0,1,0,0,0,2,0,0,0,0,2,1,1,0,0,0,0,0,0,0,0,0,0,0,0,0,0,0,0,0,0,0,0,0,0,0,0,1,0,0,0,0,0,0,0
"41",0,0,0,2,14,25,20,13,11,10,2,2,6,9,12,16,7,11,10,10,6,2,2,1,0,0,0,0,3,4,3,1,0,3,1,2,1,1,5,5,4,2,5,2,4,1,1,0
"42",0,0,0,0,0,0,0,0,0,0,0,0,0,0,0,0,0,0,0,0,0,0,0,0,0,0,0,0,0,0,0,0,0,0,0,0,0,0,0,0,0,0,0,0,0,0,0,0
"43",0,1,0,2,8,5,9,4,5,4,3,9,8,16,13,18,43,18,12,13,1,2,1,1,0,0,0,0,1,1,0,0,1,3,0,1,2,2,3,5,3,2,4,2,1,0,0,0
"44",0,0,0,0,2,1,1,1,0,0,0,0,1,1,0,0,3,0,1,0,0,1,0,0,0,0,0,0,0,0,0,0,0,0,0,0,0,0,0,0,0,0,0,0,0,0,0,0
"45",0,0,0,1,2,11,15,6,6,5,3,8,7,8,3,4,5,4,6,2,1,0,1,0,0,0,0,0,1,4,3,1,1,4,4,0,1,1,0,3,3,1,0,0,1,0,0,0
"46",0,0,0,1,11,5,3,2,4,5,0,7,3,3,2,6,12,11,3,1,1,2,1,0,0,0,0,0,0,2,0,0,0,1,0,2,3,0,2,2,0,2,1,0,0,0,1,0
"47",0,0,0,0,0,0,0,0,0,0,0,0,0,0,0,0,0,0,0,0,0,0,0,0,0,0,0,0,0,0,0,0,0,0,0,0,0,0,0,0,0,0,0,0,0,0,0,0
"48",1,1,1,5,14,21,29,21,12,7,6,6,4,7,15,8,20,9,9,4,3,1,4,5,0,0,0,4,2,4,2,0,3,6,5,1,1,7,1,3,0,0,2,1,1,0,0,0
"49",1,0,0,0,2,4,6,9,4,5,3,3,5,6,5,5,6,4,1,5,6,4,2,4,1,0,0,0,1,1,1,1,2,0,0,1,0,2,1,3,1,1,2,2,2,1,0,0
"50",0,0,0,0,1,2,6,0,1,0,0,0,0,1,0,1,5,1,0,0,0,0,0,0,0,0,0,0,0,0,0,0,1,0,0,0,0,0,0,0,0,0,0,1,0,0,0,0
"51",0,0,0,0,0,0,0,0,0,0,0,0,0,0,1,0,0,0,0,0,0,0,0,0,0,0,0,0,0,0,0,0,0,0,0,0,0,0,0,0,0,0,0,0,0,0,0,0
"52",0,0,0,0,1,0,0,0,0,1,0,0,0,1,0,0,0,0,0,0,1,0,1,0,0,0,0,1,0,0,0,0,0,0,0,0,0,0,0,0,0,0,0,0,0,0,0,0
"53",0,0,0,0,0,0,0,0,0,1,0,1,2,0,2,2,0,0,0,3,0,0,1,0,0,0,0,0,0,0,0,0,0,0,1,0,0,0,0,0,0,1,0,0,1,0,0,0
"54",2,2,6,20,70,110,129,94,54,45,28,28,26,36,56,40,33,39,21,18,9,15,11,5,0,0,0,2,10,17,14,18,11,7,5,5,9,12,10,9,10,4,9,8,5,3,2,1
"55",0,0,0,0,1,0,0,0,0,0,0,0,0,0,0,0,0,0,0,0,0,0,0,0,0,0,0,0,0,0,0,0,0,0,0,0,0,0,0,0,0,0,0,0,0,0,0,0
"56",0,0,0,0,0,0,0,0,0,0,1,0,0,0,0,0,1,0,0,0,0,0,0,0,0,0,0,0,0,0,0,0,0,0,0,0,0,0,0,0,0,0,0,0,0,0,0,0
"57",0,0,0,0,0,0,0,0,0,1,0,0,1,2,2,0,1,2,0,0,0,0,0,0,0,0,0,0,0,0,0,0,0,0,0,0,0,1,0,0,0,0,0,0,0,0,0,0
"58",0,0,0,0,0,0,0,0,0,0,1,0,0,0,0,0,0,0,0,0,0,0,0,0,0,0,0,0,0,1,0,0,0,0,0,0,0,0,0,1,0,0,0,0,0,0,0,0
"59",0,0,0,0,0,0,0,0,0,0,0,0,0,0,0,0,0,0,0,0,0,0,0,0,0,0,0,0,0,0,0,0,0,0,0,0,0,0,0,0,0,0,0,0,0,0,0,0
"60",0,0,0,0,0,0,2,0,0,0,0,0,0,2,0,1,1,0,0,0,0,0,0,0,0,0,0,0,0,1,0,0,0,0,0,0,0,0,0,0,0,0,0,0,0,0,0,0
"61",0,0,1,0,0,0,0,0,0,0,0,0,0,0,0,0,0,0,0,0,0,0,0,0,0,0,0,0,0,0,0,0,0,0,0,0,0,0,0,0,0,0,0,0,0,0,0,0
"62",0,0,0,0,0,0,0,0,0,0,0,0,0,0,0,0,0,0,0,0,0,0,0,0,0,0,0,0,0,0,0,0,0,0,0,0,0,0,0,0,0,0,0,0,0,0,0,0
"63",0,0,0,0,0,0,0,1,0,1,1,0,1,0,0,2,3,0,2,1,0,1,0,0,0,0,0,0,1,0,0,0,0,0,0,0,0,0,0,0,0,0,0,1,0,0,0,0
"64",0,0,0,0,0,0,0,0,0,0,0,0,0,0,0,0,0,0,0,0,0,0,0,0,0,0,0,0,0,0,0,0,0,0,0,0,0,0,0,0,0,0,0,0,0,0,0,0
"65",0,0,0,0,0,0,0,0,0,0,0,0,0,0,0,0,0,0,0,0,0,0,0,0,0,0,0,0,0,0,0,0,0,0,0,0,0,0,0,0,0,0,0,0,0,0,0,0
"66",0,0,2,0,0,0,0,0,1,1,0,0,1,0,0,0,0,1,0,0,0,0,0,0,0,0,0,0,1,0,0,0,0,0,0,0,1,0,0,0,0,0,0,0,0,0,0,0
"67",4,10,17,121,693,1512,1559,899,683,569,398,400,443,661,906,741,672,566,565,457,265,157,78,33,1,1,1,11,66,146,188,128,112,108,77,86,94,160,220,195,193,188,179,100,71,24,13,2
"68",0,0,0,0,0,0,0,0,0,1,0,0,0,0,0,0,1,1,0,0,0,0,0,0,0,0,0,0,0,0,0,0,0,0,1,0,0,0,0,0,0,0,0,0,0,0,0,0
"69",2,0,0,0,0,0,0,4,0,0,1,1,1,1,4,4,13,3,2,3,1,1,1,0,0,0,0,0,0,0,0,0,0,0,0,0,0,0,2,1,0,1,0,1,2,0,0,0
"70",0,0,0,5,8,18,18,4,10,6,4,3,3,4,6,6,1,2,2,1,0,2,1,0,0,0,0,0,0,2,1,1,3,0,0,0,1,0,1,0,0,1,1,2,0,1,0,0
"71",0,1,0,5,19,22,29,13,13,8,4,11,9,10,17,18,7,11,15,17,11,3,5,2,0,0,0,2,5,4,2,3,2,5,4,2,3,7,6,2,4,1,3,4,1,1,1,0
"72",0,0,0,0,2,0,2,1,1,0,1,0,2,3,2,1,3,3,3,0,2,0,1,0,0,0,0,0,1,0,1,1,0,0,0,1,2,0,1,0,1,1,0,0,0,0,0,0
"73",1,0,2,10,13,11,13,7,7,3,3,1,6,5,5,2,2,6,6,8,6,2,2,0,0,0,1,0,1,2,4,1,2,1,1,0,0,0,1,2,1,2,2,0,0,0,0,0
"74",0,0,0,0,2,0,2,2,0,0,0,0,0,1,0,0,0,0,0,0,0,0,0,0,0,0,0,1,0,0,0,1,0,0,0,0,0,0,0,0,0,0,0,0,0,0,0,0
"75",19,27,31,178,907,1932,1901,1326,1184,1122,869,991,1369,2022,2604,2210,2177,1585,1345,830,482,273,170,51,3,3,7,25,117,210,234,200,181,202,172,203,242,359,431,442,413,391,296,184,81,43,19,7
"76",1,2,0,2,3,11,9,5,1,0,2,0,0,3,2,6,2,1,2,3,3,2,0,1,0,0,0,0,2,2,2,1,1,0,1,0,1,0,0,0,0,0,1,0,0,0,0,0
"77",0,0,0,1,0,2,2,0,3,0,0,0,2,3,4,2,5,0,1,3,0,0,1,1,0,0,0,1,1,3,0,0,0,1,0,0,0,0,1,0,0,0,0,1,0,0,0,0
"78",0,1,1,14,21,22,27,19,14,16,12,10,7,10,13,14,22,15,13,6,5,7,2,0,0,0,0,2,3,4,6,2,2,2,5,1,2,4,2,4,3,4,4,3,4,1,1,1
"79",6,4,9,69,375,952,914,641,482,443,315,343,391,702,839,735,657,546,488,367,178,139,73,23,3,1,3,12,54,86,125,101,75,71,57,83,100,146,194,168,192,131,138,94,33,17,9,2
"80",0,0,0,0,7,6,7,4,4,3,2,0,3,2,7,2,4,2,0,0,1,0,0,0,0,0,0,0,1,0,1,1,0,0,0,0,0,2,1,2,0,1,2,0,0,0,1,0
"81",0,0,0,0,1,2,1,0,1,0,0,0,0,1,1,1,2,0,0,0,1,1,0,1,0,0,0,1,0,0,0,0,0,0,0,0,0,0,0,0,0,0,0,0,0,0,0,0
"82",0,0,0,0,1,0,0,0,0,0,0,0,0,0,0,0,0,0,0,0,1,0,0,0,0,0,0,0,0,0,0,0,0,0,0,0,0,0,0,0,0,0,0,0,0,0,0,0
"83",0,0,0,0,0,0,0,0,0,0,0,0,0,0,0,0,0,0,0,0,0,0,0,0,0,0,0,0,0,0,0,0,0,0,0,0,0,0,0,0,0,0,0,0,0,0,0,0
"84",0,0,0,0,0,0,0,1,0,0,0,0,0,0,0,0,0,1,0,0,0,0,0,0,0,0,0,0,0,0,0,0,0,0,0,0,0,0,0,0,0,0,0,0,0,0,0,0
"85",0,0,0,1,0,0,1,0,0,0,0,0,0,0,1,0,0,0,0,0,0,0,0,0,0,0,0,0,0,0,0,0,0,0,0,0,0,0,0,0,0,0,0,0,0,0,0,0
"86",0,0,0,0,0,0,0,1,0,0,0,0,0,0,0,0,1,0,0,0,0,0,0,0,0,0,0,0,0,0,0,0,0,0,0,0,0,0,0,0,0,0,0,0,0,0,0,0
"87",0,0,0,0,0,0,0,0,0,0,0,0,0,0,0,0,0,0,0,0,0,0,0,0,0,0,0,0,0,0,0,0,0,0,0,0,0,0,0,0,0,0,0,0,0,0,0,0
"88",3,2,12,26,136,249,204,130,96,72,66,83,108,148,232,201,335,164,134,92,49,39,25,8,0,1,2,7,18,31,38,25,21,35,20,19,31,26,52,51,41,36,46,21,11,9,5,1
"89",1,0,0,0,0,0,0,2,3,0,0,2,0,0,0,3,2,0,0,0,1,0,0,1,0,0,0,0,0,0,0,0,0,0,0,0,0,1,1,0,1,0,1,1,0,0,1,0
"90",18,20,33,182,896,1903,1864,1243,1222,1138,934,1113,1618,2332,2894,2267,1942,1777,1561,1099,601,332,213,56,3,7,7,18,120,228,238,201,194,234,166,214,273,332,471,493,474,413,393,216,108,44,34,10
"91",13,12,26,112,570,1419,1641,991,968,782,516,536,756,1165,1519,1191,1027,953,949,685,421,225,114,36,4,2,4,16,65,133,167,134,120,143,91,110,161,231,346,344,291,298,246,162,76,37,9,11
"92",0,0,0,0,0,0,0,1,0,0,0,1,0,2,0,0,0,0,0,0,0,0,0,0,0,0,0,0,0,0,0,1,0,0,0,0,0,0,0,0,0,0,0,0,0,0,0,0
"93",0,0,0,0,0,0,0,0,0,0,0,0,0,0,0,0,0,0,0,0,0,0,0,0,0,0,0,0,0,0,0,0,0,0,0,0,0,0,0,0,0,0,0,0,0,0,0,0
"94",0,0,0,0,0,0,0,0,0,0,0,0,0,0,0,0,0,0,0,0,0,0,0,0,0,0,0,0,0,0,0,0,0,0,0,0,0,0,0,0,0,0,0,0,0,0,0,0
"95",0,0,0,0,0,0,0,0,0,0,0,0,0,0,0,0,0,0,0,0,0,0,0,0,0,0,0,0,0,0,0,0,0,0,0,0,0,0,0,0,0,0,0,0,0,0,0,0
"96",0,0,0,0,0,0,0,0,0,0,0,0,0,0,0,0,0,1,0,0,1,0,0,0,0,0,0,0,0,0,0,0,0,0,0,0,0,0,0,0,0,0,0,0,0,0,0,0
"97",1,1,2,5,7,15,9,5,6,4,4,1,4,3,5,7,5,6,7,6,1,5,2,2,0,0,1,2,3,6,3,0,4,2,1,2,1,2,1,3,0,3,1,1,3,0,0,1
"98",0,0,1,3,3,5,3,0,2,0,3,1,3,3,3,6,2,1,1,3,1,0,0,1,0,0,0,0,0,4,0,2,0,0,0,0,0,1,0,1,1,0,0,0,1,0,1,0
"99",0,0,0,0,2,1,1,3,1,2,0,0,1,0,0,0,0,1,1,0,0,1,0,0,0,0,0,0,0,0,1,0,0,0,1,0,0,0,1,1,0,0,1,0,1,0,0,0
"100",0,0,0,1,0,1,0,0,0,1,0,2,2,0,1,0,1,0,1,0,0,0,0,0,0,1,0,0,0,0,0,0,0,0,0,1,0,0,2,0,0,0,0,0,0,0,0,0
"101",0,0,0,0,0,0,0,0,0,1,0,0,0,0,1,0,0,0,1,0,1,0,0,0,0,0,0,0,0,0,0,0,0,0,0,0,0,0,0,0,0,0,0,0,0,0,0,0
"102",0,0,0,0,0,1,0,2,0,0,0,0,0,0,1,0,0,1,1,0,2,0,0,0,0,0,0,0,0,1,0,0,0,0,0,0,0,0,0,0,0,0,0,0,0,0,0,0
"103",0,0,0,0,0,0,0,0,0,0,0,0,0,1,1,0,1,0,0,0,0,0,0,0,0,0,0,0,0,0,0,0,0,0,0,1,0,0,0,0,0,1,0,0,0,0,0,0
"104",0,2,1,0,0,0,3,2,5,0,1,3,4,2,0,1,4,4,1,0,0,2,2,1,0,0,1,0,2,1,0,0,1,0,0,2,0,0,0,1,0,0,1,0,0,1,0,0
"105",0,0,0,0,0,0,0,0,1,0,0,0,0,0,0,0,0,0,0,0,0,0,0,0,0,0,0,0,0,0,0,0,0,0,0,0,0,0,0,0,0,0,0,0,0,0,0,0
"106",4,4,12,85,363,909,954,653,660,614,471,602,825,1356,1599,1300,1097,1083,932,627,350,191,99,37,1,0,5,12,54,103,92,95,101,112,107,127,168,205,323,297,271,248,215,125,75,28,16,5
"107",4,4,11,34,193,374,341,279,253,239,178,179,216,345,446,404,330,330,276,223,151,48,37,14,1,1,3,13,28,47,45,39,48,56,57,43,64,98,130,128,120,115,113,52,27,7,1,3
"108",1,3,2,10,106,223,200,129,85,72,65,60,66,76,127,101,72,68,78,81,32,22,14,6,0,1,0,1,5,21,32,17,14,21,12,14,18,16,40,42,34,15,22,19,4,3,2,0
"109",0,0,0,0,0,0,0,0,0,0,0,0,0,0,0,0,0,0,0,0,0,0,0,0,0,0,0,0,0,0,0,0,0,0,0,0,0,0,0,0,0,0,0,0,0,0,0,0
"110",0,0,0,0,0,0,0,0,0,0,0,0,0,0,0,0,0,0,0,0,0,0,0,0,0,0,0,0,0,1,0,0,0,0,0,0,0,0,0,0,0,0,0,0,0,0,0,0
"111",0,0,0,0,0,0,0,0,0,0,0,0,0,0,1,1,0,0,0,0,0,0,0,0,0,0,0,0,0,0,0,0,0,0,0,0,0,0,0,0,0,0,0,0,1,0,0,0
"112",0,0,0,1,0,2,1,0,0,0,0,0,0,0,0,1,0,0,0,0,0,0,0,0,0,0,0,0,0,0,0,0,0,0,0,0,0,0,0,0,0,0,0,0,0,0,0,0
"113",0,1,2,2,10,11,12,9,3,4,2,0,4,4,2,4,5,1,3,1,2,0,1,0,0,0,0,0,1,0,1,1,0,1,0,0,0,1,0,0,1,3,1,0,0,0,0,0
"114",0,0,0,0,1,0,0,0,0,0,0,0,0,0,0,0,0,0,0,0,0,0,0,0,0,0,0,0,0,0,0,0,0,0,0,0,0,0,0,0,0,0,0,0,0,0,0,0
"115",0,0,0,0,0,0,0,0,0,0,0,0,0,0,1,0,0,0,0,0,0,0,0,0,0,0,0,0,0,0,0,0,0,0,0,0,0,0,0,0,0,0,0,0,0,0,0,0
"116",0,0,0,0,0,0,0,1,0,0,1,0,0,0,0,0,0,0,0,0,0,0,0,0,0,0,0,0,0,0,0,0,0,0,0,0,0,0,0,0,0,0,0,0,0,0,0,0
"117",0,0,0,0,3,2,0,0,1,0,0,0,1,0,1,0,0,0,0,0,0,0,0,0,0,0,0,0,0,0,0,0,0,0,0,0,0,0,0,0,0,0,0,0,0,0,0,0
"118",0,0,0,1,2,1,0,0,0,0,0,0,0,1,1,0,0,0,0,0,1,0,0,0,0,0,0,0,0,0,0,0,0,0,0,0,0,0,0,0,1,0,0,0,0,0,0,0
"119",0,0,0,0,0,0,0,0,0,0,0,0,0,0,0,1,0,1,0,0,0,1,0,0,0,0,0,0,0,0,0,0,0,0,0,0,0,0,0,0,0,0,0,0,0,0,0,0
"120",0,0,0,1,0,0,0,0,0,0,0,0,0,1,0,0,1,0,0,0,0,0,1,0,0,0,0,0,0,0,0,0,0,0,0,0,1,0,0,0,0,0,1,0,0,0,0,0
"121",0,0,0,0,0,0,1,0,0,0,0,0,0,1,0,0,0,0,0,0,0,0,0,0,0,0,0,0,0,0,0,0,0,0,0,0,0,0,0,0,0,0,0,0,0,0,0,0
"122",0,0,0,0,0,0,0,0,0,0,0,0,0,1,0,1,0,0,0,0,0,0,0,0,0,0,0,0,0,0,0,0,0,0,0,0,0,0,0,0,0,0,0,0,0,0,0,0
"123",6,0,0,2,17,46,33,30,14,18,11,4,11,8,21,21,94,16,14,23,10,5,4,1,0,0,0,2,0,5,3,5,2,4,2,4,2,1,2,8,7,4,0,4,0,0,0,0
"124",1,0,0,3,7,16,22,15,9,10,4,9,10,9,23,34,70,19,25,17,8,4,4,4,0,0,0,0,1,3,2,2,1,0,4,1,1,3,4,8,8,5,3,6,4,1,1,1
"125",1,2,2,10,29,46,70,27,18,14,4,16,10,21,19,15,13,16,18,15,9,6,6,5,1,1,0,7,2,4,5,5,4,1,4,7,3,4,8,8,5,6,5,4,0,0,0,1
"126",0,0,0,0,0,1,0,1,0,0,0,0,1,0,0,0,0,0,1,0,0,0,0,0,0,0,0,0,0,0,0,0,0,0,0,0,0,0,0,0,0,0,0,0,0,0,0,0
"127",0,0,0,0,0,0,0,0,0,0,0,0,0,0,0,0,0,0,0,0,0,0,0,0,0,0,0,0,0,0,0,0,0,0,0,0,0,0,0,0,0,0,0,0,0,0,0,0
"128",2,1,4,45,53,107,115,88,50,52,30,42,51,66,85,64,93,86,55,58,28,23,12,2,0,0,0,9,7,16,21,13,11,10,7,6,6,16,14,11,19,14,12,13,9,3,2,1
"129",10,3,14,116,616,1332,1385,836,645,559,406,472,555,792,1013,808,759,659,604,415,311,179,65,16,0,2,4,9,52,136,154,135,106,114,78,83,85,141,226,206,204,166,153,71,45,20,21,1
"130",0,1,0,11,33,59,55,44,38,32,30,51,40,46,60,55,36,42,38,25,11,9,8,3,0,0,0,1,4,18,9,9,5,6,10,10,8,4,8,12,12,8,9,8,3,0,2,0
"131",0,0,0,0,3,0,3,1,1,0,0,1,0,1,2,4,1,2,3,0,0,0,0,0,0,0,0,0,0,1,1,0,0,0,0,0,1,2,0,0,1,0,0,0,1,0,0,0
"132",0,1,1,4,19,33,53,28,18,15,9,6,12,12,19,19,18,18,12,4,3,3,0,0,0,0,0,1,3,1,3,6,5,4,5,1,2,3,4,2,3,4,0,5,0,3,0,0
"133",0,0,0,0,1,0,0,0,0,0,0,0,0,0,0,0,0,0,0,0,0,0,0,0,0,0,0,0,0,0,0,0,0,0,0,0,0,0,0,0,0,0,0,0,0,0,0,0
"134",0,0,0,0,1,0,0,0,0,0,0,0,0,0,1,0,1,1,0,0,0,2,0,0,0,0,0,0,0,1,0,0,0,0,0,0,0,0,0,0,0,0,0,0,0,0,0,0
"135",0,0,1,1,0,4,3,1,0,0,1,0,0,0,1,1,0,1,0,0,0,0,0,1,0,0,0,0,0,0,1,0,0,0,0,0,1,0,0,0,0,0,0,0,0,0,0,0
"136",0,0,0,0,0,0,1,0,1,0,0,0,0,0,0,0,0,0,0,0,0,0,0,0,0,0,0,1,1,0,0,0,0,0,0,0,0,0,0,0,0,0,0,0,0,0,0,0
"137",0,0,1,10,88,270,280,160,104,83,38,73,65,105,156,94,98,80,68,56,46,20,22,7,0,0,1,4,17,21,32,23,22,22,10,18,18,23,37,36,31,33,26,15,10,2,0,0
"138",0,0,0,0,1,0,1,0,0,0,0,0,0,0,0,0,0,0,0,0,0,1,0,0,0,0,0,0,0,0,0,0,0,0,0,0,0,0,0,0,0,0,0,0,0,0,0,0
"139",0,0,0,0,0,2,0,0,0,0,1,0,0,0,0,0,1,1,0,0,0,0,0,0,0,0,0,0,0,0,0,0,0,0,0,0,0,0,0,0,0,0,0,0,0,0,0,0
"140",0,0,0,0,0,1,0,1,0,0,0,0,0,0,0,0,0,0,0,0,1,0,0,0,0,0,0,0,0,0,0,0,1,0,0,0,0,0,0,0,0,0,1,0,0,1,0,0
"141",0,0,0,0,0,0,0,1,0,0,0,0,0,0,0,0,0,0,0,0,0,0,0,0,0,0,0,0,1,0,0,0,0,0,0,0,0,0,0,0,0,0,0,0,0,0,0,0
"142",0,0,0,0,0,0,0,0,0,0,1,0,0,0,1,0,0,0,0,0,0,0,0,0,0,0,0,0,0,0,0,0,0,0,0,0,0,0,0,0,0,0,0,0,0,0,0,0
"143",0,0,0,0,0,0,1,0,0,0,0,0,0,0,0,0,0,0,0,0,0,0,0,1,0,0,0,0,0,0,0,0,0,0,0,0,0,0,0,0,0,0,0,0,0,0,0,0
"144",0,0,0,2,0,0,0,0,0,0,0,0,0,0,0,0,0,2,0,0,0,0,0,0,0,0,0,0,0,0,0,0,0,0,0,0,0,0,0,0,0,0,0,0,0,0,0,0
"145",0,0,0,0,0,1,0,0,0,0,0,0,0,0,0,0,0,0,0,0,0,0,0,0,0,0,0,0,0,0,0,0,0,0,0,0,1,0,0,1,0,0,0,0,0,0,0,0
"146",0,0,0,0,0,0,0,0,0,0,0,0,0,0,0,0,0,0,0,0,0,0,0,0,0,0,0,0,0,0,0,0,0,0,1,0,0,0,0,0,0,0,0,0,0,0,0,0
"147",0,0,0,0,1,0,0,0,0,0,0,0,0,0,0,0,0,0,0,0,0,0,0,0,0,0,0,0,0,0,0,0,0,0,0,0,0,0,0,0,0,0,0,0,0,0,0,0
"148",0,0,0,2,5,23,37,27,15,5,8,5,5,9,12,3,9,11,8,6,3,4,1,0,0,1,0,0,0,4,4,3,1,3,2,3,2,3,4,1,3,5,2,4,2,0,0,0
"149",1,0,0,0,0,0,0,0,0,0,0,0,0,0,0,0,0,0,0,0,0,0,0,0,0,0,0,0,0,0,0,0,0,0,0,0,0,0,0,0,0,0,0,0,0,0,0,0
"150",0,0,0,1,1,1,1,0,1,1,1,1,1,0,1,4,2,1,3,0,0,0,0,0,0,0,0,0,0,0,1,0,0,0,0,0,0,0,0,0,0,0,1,0,0,1,0,0
"151",0,0,0,0,0,0,0,0,0,1,0,0,0,0,0,0,0,0,1,1,0,0,0,0,0,0,0,0,0,0,0,0,0,0,0,0,0,0,0,0,0,0,0,0,0,0,0,0
"152",0,1,1,2,11,20,16,18,9,15,9,6,1,5,2,2,9,5,5,2,3,2,0,2,0,0,0,0,4,1,1,3,3,4,2,0,1,1,2,2,2,1,1,0,1,1,0,0
"153",0,0,0,2,3,7,9,3,6,4,4,3,0,2,7,6,25,8,8,1,1,2,1,1,0,0,0,0,1,0,0,1,0,2,0,0,0,1,2,2,0,0,0,2,0,0,1,0
"154",0,1,0,0,2,0,3,5,2,4,2,4,6,4,4,6,6,5,0,2,0,3,0,1,0,0,0,0,0,0,0,0,0,0,1,0,0,0,1,0,0,0,0,1,0,0,0,0
"155",0,0,0,0,2,0,1,2,1,1,0,0,2,1,4,5,14,6,2,3,0,0,0,0,0,0,0,0,0,0,0,0,0,0,0,0,0,0,1,0,0,0,0,0,0,0,0,0
"156",0,0,0,0,0,0,1,1,0,0,3,1,2,2,3,2,2,0,1,0,0,0,0,0,0,0,0,0,0,0,0,0,0,0,0,0,0,0,0,0,0,0,0,0,0,0,0,0
"157",2,1,1,7,12,30,27,12,12,11,7,12,10,9,7,11,18,17,6,8,6,4,4,2,0,0,0,1,4,3,4,1,6,5,2,1,1,1,0,2,1,3,3,5,2,0,1,0
"158",818,348,113,93,300,893,1324,1314,1250,1233,1419,1571,1745,2189,2815,3111,3268,2808,2444,2197,1851,1367,1154,1077,92,32,15,13,48,116,179,173,209,176,250,270,347,391,490,621,598,604,502,466,371,316,278,252
"159",0,0,0,2,0,1,0,1,0,0,0,0,1,0,2,5,5,1,1,0,1,0,2,0,0,0,0,0,0,0,1,0,0,0,0,0,0,1,0,0,0,0,0,0,0,0,0,0
"160",0,0,0,3,35,128,183,102,46,24,14,16,25,29,41,20,24,27,21,17,17,10,6,4,0,1,0,0,7,6,11,8,7,10,4,9,6,10,8,11,16,10,9,4,4,0,1,1
"161",0,0,0,5,34,162,245,147,103,65,26,24,25,33,69,44,35,30,39,21,14,9,6,5,0,1,0,2,4,14,12,12,8,13,9,8,7,9,19,15,11,12,15,5,4,2,0,0
"162",0,0,0,13,48,82,74,54,54,31,18,23,34,52,79,67,46,39,49,54,27,16,9,3,0,0,0,3,8,5,15,6,11,9,5,4,9,15,24,26,19,23,23,10,9,1,3,0
"163",1,0,4,12,36,73,36,19,36,20,7,20,14,20,27,24,19,19,21,26,12,6,0,2,0,0,1,1,6,10,6,3,4,2,0,4,2,6,6,2,10,6,8,3,5,0,2,0
"164",0,0,2,9,37,82,63,46,35,14,6,9,4,26,25,16,21,26,22,10,7,6,3,1,0,0,0,0,2,7,8,8,9,3,2,4,4,9,9,7,4,5,7,3,2,1,1,0
"165",0,0,0,0,0,0,0,0,0,0,0,0,0,0,0,1,0,0,0,0,0,0,0,0,0,0,0,0,0,0,0,0,0,0,0,0,0,0,0,0,0,0,0,0,0,0,0,0
"166",0,0,0,0,0,0,0,0,0,0,0,0,0,0,0,0,0,0,0,0,0,0,0,0,0,0,0,0,0,0,0,0,0,0,0,0,0,0,0,0,0,0,0,0,0,0,0,0
"167",0,0,0,0,0,0,1,1,0,0,0,0,0,0,0,0,1,0,0,0,0,0,0,0,0,0,0,0,0,0,0,0,0,0,0,0,0,0,0,0,0,0,1,0,0,0,0,0
"168",0,0,0,0,0,0,0,0,0,0,1,0,0,0,0,0,0,0,0,0,0,0,0,0,0,0,0,0,0,0,0,1,0,0,0,0,0,0,0,0,0,0,0,0,0,0,0,0
"169",2,1,2,0,1,1,2,1,3,0,4,1,2,4,5,5,13,12,7,5,2,0,0,0,0,0,0,1,1,0,0,2,2,0,0,0,0,0,0,2,1,0,1,1,1,0,0,0
"170",0,0,0,0,0,1,2,0,1,1,0,1,1,0,1,0,1,1,0,0,0,0,1,0,0,0,0,0,1,0,0,0,0,0,0,0,0,1,1,0,0,0,1,0,0,0,0,0
"171",0,0,0,0,1,0,0,0,0,0,0,0,0,1,3,2,9,2,2,1,0,0,0,0,0,0,0,0,0,0,0,0,0,0,0,0,0,0,0,0,2,1,0,1,0,0,0,0
"172",0,0,0,0,0,5,7,1,0,2,2,3,4,5,12,5,32,4,9,5,2,0,0,0,0,0,0,0,0,0,0,2,0,1,0,1,3,3,1,3,1,2,2,2,0,0,0,0
"173",0,0,2,0,1,5,4,3,3,2,0,1,0,0,2,0,1,3,0,0,1,3,0,0,0,0,0,0,0,1,0,1,0,0,0,1,0,0,2,0,2,0,1,0,1,0,0,0
"174",0,0,0,0,0,0,0,0,0,0,0,0,0,0,1,0,0,0,0,0,0,0,0,0,0,0,0,0,0,0,0,0,0,0,0,0,0,0,0,0,0,0,0,0,0,0,0,0
"175",3,2,4,18,77,158,177,113,72,54,38,44,43,70,84,63,54,65,60,41,35,23,6,3,0,0,1,1,6,11,23,20,15,13,6,10,11,23,24,28,20,17,17,6,7,5,2,1
"176",1,2,1,6,36,75,105,50,57,34,8,14,21,16,38,18,26,28,24,15,9,14,4,0,0,0,0,0,0,5,17,16,12,5,9,3,6,10,12,15,5,6,12,7,7,2,0,0
"177",0,0,0,0,1,2,3,2,3,3,2,3,3,4,1,1,5,1,4,3,1,0,1,0,0,0,0,0,0,1,0,1,1,0,0,0,0,2,1,1,0,2,0,0,0,0,0,0
"178",0,0,0,0,1,2,0,1,1,0,0,2,0,0,0,1,2,0,2,1,0,0,0,0,0,0,0,0,0,0,0,0,0,0,0,0,0,0,0,0,0,0,0,0,1,1,0,0
"179",5,6,15,85,563,1410,1588,1069,948,800,593,607,782,1170,1412,1376,1195,997,831,573,387,212,77,32,0,1,7,12,55,163,194,147,145,153,125,122,191,256,324,301,306,257,209,140,76,30,20,6
"180",6,6,20,87,486,1144,1150,739,676,630,470,559,612,900,1149,908,816,687,647,470,257,160,104,38,1,2,2,5,66,122,165,113,128,133,89,109,162,227,267,255,268,239,194,113,60,28,15,1
"181",1,1,7,30,114,265,223,158,127,101,73,84,115,151,179,137,141,106,102,76,57,38,24,9,1,1,2,5,16,28,38,30,18,23,23,17,25,22,34,29,40,38,24,22,17,9,1,1
"182",0,0,0,1,5,1,0,1,0,2,2,2,1,3,3,4,3,2,2,1,1,1,1,0,0,0,0,0,0,0,0,1,0,0,0,1,1,1,0,2,0,0,1,0,0,0,1,0
"183",1,2,1,2,11,25,39,12,13,18,12,13,15,18,25,16,83,26,22,20,13,7,1,1,0,0,0,2,4,4,7,5,6,2,2,5,2,3,7,6,5,2,4,2,4,1,0,0
"184",2,1,5,40,161,354,380,266,256,226,176,223,279,410,487,393,362,292,226,161,104,50,21,8,0,0,0,4,19,39,58,57,40,47,33,43,55,71,107,97,73,89,68,39,22,10,2,0
"185",0,0,0,0,0,0,0,0,0,0,1,0,0,0,0,0,0,0,1,0,0,0,0,0,0,0,0,0,0,0,0,0,0,0,0,0,0,0,0,0,0,0,0,0,0,0,0,0
"186",1,0,12,51,191,356,345,249,222,191,166,160,190,259,351,239,186,226,205,135,93,73,26,12,0,0,0,7,28,47,50,55,34,34,33,30,52,49,49,55,52,77,45,49,29,9,10,2
"187",9,5,27,147,827,1743,1822,1278,1082,939,596,735,833,1182,1401,1206,1038,900,799,627,420,240,114,32,2,1,6,16,102,191,254,188,192,176,136,141,200,297,396,365,373,307,256,177,99,42,16,8
"188",3,4,15,93,429,922,1021,694,537,522,342,328,423,626,785,600,543,550,517,382,213,132,63,25,1,1,5,26,70,74,92,87,88,75,75,79,76,159,200,215,208,158,179,116,59,18,8,2
"189",1,1,4,20,74,141,163,120,86,92,61,74,86,125,195,149,106,111,116,84,60,23,12,2,0,2,1,5,10,13,9,18,20,18,13,13,14,33,38,25,43,37,39,25,12,8,1,1
"190",0,0,0,1,7,5,6,4,4,2,0,0,3,3,4,2,2,5,5,1,2,1,2,0,0,0,0,0,1,1,1,1,2,1,2,0,1,3,2,1,1,1,1,0,1,0,0,0
"191",0,1,0,6,25,37,39,42,29,17,14,12,15,38,26,17,12,16,17,11,10,7,2,4,1,0,0,3,10,7,3,2,2,4,2,1,4,4,3,13,4,8,3,1,0,0,1,0
"192",0,0,1,0,1,2,0,0,1,0,0,0,0,2,0,0,0,0,0,0,0,0,0,0,0,0,0,0,0,0,0,0,0,0,0,0,0,0,1,0,0,0,0,0,0,0,0,0
"193",0,0,0,1,6,5,8,4,0,1,1,1,1,3,1,1,1,1,0,1,2,1,0,0,0,0,0,0,0,0,1,0,1,0,1,0,0,0,1,1,0,0,0,0,0,1,0,0
"194",0,0,0,0,0,0,1,0,0,0,0,1,0,0,0,0,0,0,0,0,0,0,0,0,0,0,0,0,0,0,0,0,0,0,0,0,0,0,0,0,0,0,0,0,0,0,0,0
"195",0,0,0,0,0,0,0,0,0,0,0,0,0,0,0,0,1,0,1,0,0,0,0,0,0,0,0,0,0,0,0,0,0,0,0,0,0,0,0,0,0,0,0,0,0,0,0,0
