"","X1","X2","X3","X4","X5","X6","X7","X8","X9","X10","X11","X12","X13","X14","X15","X16","X17","X18","X19","X20","X21","X22","X23","X24","X25","X26","X27","X28","X29","X30","X31","X32","X33","X34","X35","X36","X37","X38","X39","X40","X41","X42","X43","X44","X45","X46","X47","X48"
"1",NA,NA,NA,2.66180186574652,2.69425511671817,2.74575214561236,2.80606924360473,2.85155841675102,2.91304712594201,2.97042580061441,2.90314543097411,18.3035175776307,2.93243067718862,2.88761472291127,3.10801398063588,3.49225749201239,3.43571255120551,3.33883974672675,3.09613382546361,2.9996121719707,2.84562036648339,2.80834747129268,2.82257252944128,2.70364063457722,NA,2.72727272727273,NA,NA,2.74539809815738,2.73718009042762,2.74687698284649,2.74240782817183,2.76401314138607,2.66320581570654,2.81445957524972,2.81381035947764,2.61287589244427,2.80015594528686,2.84951604375456,3.06444685545879,3.02341368455807,3.27676492076057,2.97916704997792,2.84313648150827,2.81414868027167,NA,2.72222222222222,3.6376604850214
"2",NA,NA,NA,NA,2.70795571449566,2.68505079825835,2.75352585627938,2.77397260273973,NA,NA,NA,NA,0,1.79993077189339,NA,NA,3.38912467441813,NA,2.83464566929134,NA,NA,2.71523178807947,NA,NA,NA,NA,NA,NA,NA,NA,NA,NA,NA,NA,NA,NA,NA,NA,NA,NA,NA,NA,NA,NA,NA,NA,NA,NA
"3",NA,NA,NA,NA,NA,NA,NA,3.13714602998334,NA,2.76315789473684,2.77027027027027,NA,3.30246913580247,NA,NA,2.79799841608055,2.9352666384914,NA,2.81005658322338,2.76978417266187,NA,2.70547945205479,NA,NA,NA,NA,NA,NA,2.7741935483871,NA,NA,NA,NA,NA,NA,NA,NA,NA,NA,NA,NA,NA,NA,2.77606415792721,NA,NA,NA,NA
"4",NA,NA,NA,NA,NA,NA,2.83757338551859,2.72067714631197,NA,NA,NA,NA,NA,NA,NA,NA,3.41655716162943,NA,NA,NA,NA,NA,NA,NA,NA,NA,NA,NA,NA,NA,NA,NA,NA,NA,NA,NA,NA,NA,NA,NA,NA,NA,2.90771175726928,NA,NA,NA,NA,NA
"5",NA,NA,NA,NA,NA,NA,NA,NA,NA,NA,3.01750150875075,NA,NA,NA,NA,NA,NA,NA,NA,NA,NA,NA,NA,NA,NA,NA,NA,NA,NA,NA,NA,2.71186440677966,NA,NA,NA,NA,NA,NA,NA,NA,NA,NA,NA,NA,NA,NA,NA,NA
"6",NA,NA,NA,2.74592637296319,NA,NA,NA,2.78473091364205,2.79141104294479,NA,2.97142857142857,NA,3.33333333333333,NA,NA,NA,NA,NA,NA,NA,NA,2.86458333333333,NA,2.78846153846154,NA,NA,NA,NA,NA,NA,NA,NA,NA,NA,NA,NA,NA,NA,NA,NA,NA,NA,NA,NA,NA,NA,NA,NA
"7",NA,NA,NA,NA,NA,NA,NA,NA,NA,NA,NA,NA,NA,NA,NA,NA,NA,NA,NA,NA,NA,NA,NA,NA,NA,NA,NA,NA,NA,NA,NA,NA,NA,NA,NA,NA,NA,NA,NA,NA,NA,NA,NA,NA,NA,NA,NA,NA
"8",NA,NA,NA,NA,NA,3.04093567251462,NA,NA,NA,NA,2.73529411764706,2.98850574712644,NA,NA,2.7906976744186,NA,3.13079715015459,NA,NA,NA,NA,NA,NA,NA,NA,NA,NA,NA,NA,NA,NA,NA,NA,NA,NA,NA,NA,NA,NA,NA,NA,NA,NA,NA,NA,NA,NA,NA
"9",NA,NA,NA,NA,2.76243093922652,NA,NA,NA,2.8319258737978,NA,NA,NA,NA,3.00252525252525,2.97977036632039,2.79187817258883,NA,NA,NA,NA,NA,NA,NA,NA,NA,NA,NA,NA,NA,NA,NA,NA,NA,NA,NA,NA,NA,NA,NA,NA,2.72727272727273,NA,NA,NA,NA,NA,NA,NA
"10",NA,NA,NA,NA,NA,NA,2.32087245206008,NA,NA,NA,NA,NA,NA,2.9243876893329,NA,3.1980319803198,2.84126003705991,NA,NA,NA,NA,NA,NA,NA,NA,NA,NA,NA,NA,2.67332549941246,NA,NA,NA,NA,NA,NA,NA,NA,NA,NA,NA,NA,NA,NA,NA,NA,NA,NA
"11",2.71128480703468,NA,NA,NA,NA,NA,NA,NA,NA,NA,NA,NA,NA,NA,NA,NA,NA,NA,NA,NA,NA,NA,NA,NA,NA,NA,NA,NA,NA,NA,NA,NA,NA,NA,NA,NA,NA,NA,NA,NA,NA,NA,NA,NA,NA,NA,NA,NA
"12",NA,NA,NA,2.73684210526316,2.75049115913556,2.61791432280398,2.70142180094787,NA,2.66125394677492,3.97160399079048,2.5615763546798,2.82321899736148,2.63157894736842,NA,2.93811752470099,2.89998903799805,2.82445903104635,2.93103448275862,2.34160404985131,NA,NA,NA,NA,NA,NA,NA,NA,NA,NA,NA,2.6524541398116,NA,NA,NA,NA,NA,NA,NA,NA,NA,NA,NA,3.18165001849797,NA,NA,2.65463917525773,NA,NA
"13",NA,NA,NA,NA,2.95774647887324,2.74853529350571,2.52659645630587,2.44331309147568,2.70933373157594,2.93815165578955,2.64081630800788,2.74832134326647,2.83519611270264,2.62554041774547,3.81630012936611,3.52393617021277,2.57852600249266,2.70935960591133,2.38197827271439,2.82532537976625,3.16326530612245,NA,2.59574468085106,NA,NA,NA,NA,NA,NA,2.66355140186916,NA,2.6366251198466,2.64,NA,NA,NA,NA,2.75664811379097,2.66949152542373,3.42657342657343,NA,3.33712960033745,NA,NA,NA,NA,NA,NA
"14",NA,NA,NA,2.76386733238218,2.70105082594157,2.73659355304483,2.84111055672798,2.84202428733336,3.15512101944794,2.95681718767057,2.91168546872181,3.02826670602962,2.84855951229933,3.23395505818949,3.15505350165754,3.22337314874832,3.26776471267248,3.33716536958398,3.07893612233402,2.78754340325757,2.9279179239304,2.81972581404494,2.71942670034188,2.76473475757999,NA,2.74193548387097,NA,2.76546982429335,2.74798112915199,2.66619230938243,2.72812203876109,2.7072355609476,2.85591645334882,2.71525982196447,2.67290271468918,2.81281665227168,2.88641221609852,2.7933050088049,3.15568860211432,3.11204967202761,3.1273676402311,3.03775159222878,3.02539992764608,2.86143796078968,2.73429404075387,2.63711885207212,NA,NA
"15",NA,NA,NA,NA,2.66949152542373,NA,NA,NA,NA,2.66094420600858,NA,NA,NA,3.18791946308725,NA,NA,NA,NA,NA,NA,2.70562770562771,NA,2.23175965665236,NA,NA,NA,NA,2.63598326359833,NA,NA,NA,NA,NA,NA,NA,NA,NA,NA,NA,NA,NA,NA,NA,NA,NA,NA,NA,NA
"16",3.03571428571429,2.9826887220103,NA,2.8896969824917,2.95101123390597,2.96789693664668,3.11935733124591,3.1396923411635,3.15,NA,3.08394479385045,NA,NA,3.86061259847668,3.1264542370473,3.31843718394285,4.13852711342647,3,3.37262682850918,3.30290421714119,3.03942252352677,4.14596665953432,NA,3.08182784272051,NA,NA,NA,NA,2.95875420875421,2.98082010582011,3.00498808463653,3.06627101879327,2.96442687747036,NA,2.94117647058824,NA,2.80645161290323,NA,NA,NA,NA,NA,3.15789473684211,NA,NA,NA,NA,NA
"17",2.93893129770992,2.8644540185214,2.77632268203248,2.80190769758059,2.77304573296357,2.94329712377222,3.0740782407201,3.13878774274164,3.23738236372471,3.07229490409862,3.13681621354526,2.98623478188171,3.15681569764244,3.27402863059868,3.40224973024537,3.51028787769918,3.62629600215686,3.55290003404608,3.28093217213621,3.15110696269382,3.24351281331609,3.00171884005295,3.07650156535579,NA,NA,NA,NA,NA,NA,2.75713140279171,2.91123919333737,2.92144606209742,2.9311218673482,2.92261574554812,2.87791453318461,2.80281326450721,2.97991856744488,3.06732476097574,3.21842126096135,3.30388352918985,3.45487033096124,3.22837701941852,3.1192391850751,3.0676809333729,3.05163590241626,2.89730235042735,NA,NA
"18",NA,NA,2.92134831460674,2.7506476956676,2.76491726051166,2.78587212266379,2.89512457324005,2.9055308235232,2.98290130664426,2.88609756731133,2.94677156392837,2.89125842923415,3.14662356923879,2.96447736748742,3.24114889116563,3.31849540345458,3.53268637116064,3.3398669061777,3.24733875246987,3.0463388274774,2.95724555150683,2.90665898113074,2.88779939611746,2.78571037597971,NA,NA,2.95454545454545,2.8317511701226,2.77347280702699,2.70288952417265,2.7547332244578,2.71936790997408,2.75856062797413,2.7490888849568,2.72398381035841,2.78596827806788,2.86785258877509,2.8385127523865,3.03852357813642,3.27050708771148,2.92857730053532,3.12953225507056,3.09437826663684,2.83669333605387,2.85715538064705,2.68531817498425,NA,NA
"19",NA,NA,NA,NA,NA,2.86861878052618,2.74046335257418,2.9013492299284,2.9,NA,NA,NA,NA,2.91730086250634,3.65325077399381,3.67749396789264,3.35245526892972,3.01777467210009,3.21112590321399,NA,NA,NA,NA,NA,NA,NA,NA,NA,NA,2.68642890226957,NA,NA,NA,NA,NA,NA,NA,NA,NA,NA,NA,NA,NA,2.89143480632842,2.6937984496124,NA,NA,NA
"20",NA,NA,NA,2.71077790326055,2.74118591218068,2.76109105743915,2.87645447967026,NA,NA,2.90155440414508,2.81733264141152,NA,NA,2.88407617799141,NA,2.86011440457618,3.51463501001607,3.09570217181379,2.8448275862069,NA,NA,NA,NA,NA,NA,NA,NA,NA,NA,NA,NA,2.88057190916737,NA,NA,NA,2.89473684210526,NA,NA,3.01174068402246,NA,NA,2.90322580645161,NA,NA,NA,NA,NA,NA
"21",NA,2.92181069958848,2.92070459206009,3.05789029650082,2.84326774488479,2.9265893768535,2.95581817391755,2.96526519408193,3.0549272288705,3.54331608836871,2.51156581026511,NA,2.91755560789467,3.27183895750659,3.15314261297739,3.54845838547854,3.79957945930076,3.64583333333333,3.09532240937893,2.86281179138322,2.8257874125562,NA,2.7593085106383,NA,NA,NA,NA,NA,2.77777777777778,NA,2.88562434417629,3.00847457627119,NA,3.1386224934612,NA,NA,NA,2.85714285714286,NA,NA,3.3106960950764,3.11544996087332,2.78086763070078,NA,NA,NA,NA,NA
"22",NA,NA,NA,NA,NA,NA,NA,NA,NA,NA,2.83083219645293,NA,NA,NA,NA,NA,NA,NA,NA,NA,NA,NA,NA,NA,NA,NA,NA,NA,NA,2.7389903329753,NA,NA,NA,NA,NA,NA,NA,NA,NA,2.83921099820681,NA,NA,NA,NA,NA,NA,NA,NA
"23",NA,NA,NA,NA,2.64705882352941,NA,NA,2.73049645390071,NA,2.80467589016717,NA,NA,NA,NA,NA,NA,NA,2.85335102853351,NA,NA,NA,NA,NA,NA,NA,NA,NA,NA,NA,NA,NA,NA,NA,NA,NA,NA,NA,NA,NA,NA,NA,NA,NA,NA,NA,NA,NA,NA
"24",NA,NA,NA,NA,NA,NA,NA,NA,NA,2.84848484848485,NA,NA,2.79001468428781,2.7980777463824,126.4,NA,5.77777777777778,4.04299360615771,NA,NA,NA,NA,NA,NA,NA,NA,NA,NA,NA,NA,NA,NA,NA,NA,NA,NA,NA,2.80337941628264,NA,NA,NA,NA,NA,NA,NA,NA,NA,NA
"25",NA,NA,NA,NA,NA,NA,NA,NA,NA,NA,NA,NA,NA,2.78271166370634,3.51449275362319,NA,3.24189526184539,NA,NA,NA,NA,NA,NA,NA,NA,NA,NA,NA,NA,NA,NA,NA,NA,NA,NA,3.25520833333333,NA,NA,NA,NA,NA,3.17073170731707,NA,NA,NA,NA,NA,NA
"26",NA,NA,NA,NA,NA,2.90135396518375,2.92468301267949,NA,2.86458333333333,3.00245098039216,NA,2.77173913043478,7.02702702702703,NA,2.84090909090909,NA,2.92553191489362,2.88135593220339,NA,NA,NA,NA,2.77502477700694,NA,NA,NA,NA,NA,2.77777777777778,NA,NA,NA,NA,NA,NA,NA,NA,2.90697674418605,3.28703703703704,NA,NA,NA,2.95238095238095,NA,NA,NA,NA,NA
"27",NA,NA,2.79850547814062,NA,NA,NA,NA,NA,3.13935681470138,3.05921052631579,NA,NA,2.85087719298246,NA,NA,NA,NA,2.88326300984529,NA,NA,NA,NA,NA,NA,NA,NA,NA,NA,2.72156315422191,NA,NA,NA,NA,NA,NA,NA,3.90243902439024,NA,NA,NA,NA,NA,NA,NA,NA,NA,NA,NA
"28",NA,NA,NA,2.94023725263677,2.97036300479604,3.18492201293874,3.10006750361654,3.19069831553573,3.25523505971736,3.09822981415986,3.26041941514677,3.1430840270713,3.08656762753791,3.20193159250224,3.25680765507276,3.53275606965431,3.09090909090909,3.32891545880097,4.60213032581454,3.1858407079646,NA,2.90605415394504,2.83950617283951,NA,NA,NA,NA,NA,NA,3.13223402568575,2.96861747243427,3.02521008403361,2.9455378731788,NA,NA,NA,3.06451612903226,NA,2.44131455399061,NA,NA,3.15198618307427,2.94464075382803,3.23195619711299,NA,3.0672268907563,NA,NA
"29",NA,2.84142988084326,2.83018867924528,2.89069929986006,3.16629369734268,3.09177834525485,3.15697070204594,3.57604127607149,3.3067129159344,3.09182748278988,3.36743229636174,3.34052644628748,3.08833783598485,3.17947442555652,3.36676594248649,3.52856528860815,4.09489173839505,3.62281064170622,3.41776659418514,3.16669685836751,3.50483185509685,3.08375718941551,3.09337044534413,NA,NA,NA,NA,2.89551652308228,2.82186738105007,2.88809774827231,2.95474386200924,2.99256201632327,3.01255041774705,3.08561940995862,3.08703512931281,3.1021897810219,3.00442477876106,3.16313568919327,3.27239789196311,3.7928665648784,3.20915078173534,3.19659601464348,3.25483628921942,3.20005576539138,3.14776051886203,3.07377049180328,3.11934900542495,3.46153846153846
"30",NA,NA,NA,NA,3.13635449969469,3.01045959809058,3.36574101147349,3.15827155051838,3.10730713058269,3.19982011069131,2.94537296678353,NA,3.0222370143959,3.19721718088324,3.16552484133815,3.02788941073936,3.8779195768318,3.24529539278365,NA,NA,3.02325581395349,NA,NA,NA,NA,NA,NA,NA,2.91666666666667,NA,2.85326086956522,3.02631578947368,NA,NA,NA,NA,NA,3.93840419679042,3.41584158415842,3.87290975883209,NA,3.27102803738318,3.11096569775451,NA,NA,NA,3.04087736789631,NA
"31",NA,NA,NA,2.65534690745138,2.89167959287202,2.94886445873112,3.24011673240552,3.12607440545292,3.23210744420535,3.08125701842742,3.03177221516017,2.97361424897105,3.14161129054102,3.33995999798555,3.33832536788141,3.82856118567652,3.87409632734355,3.48357946139952,3.23381498242674,3.36997882309853,2.92134345720933,2.97542509436798,3.14070351758794,NA,NA,2.92682926829268,NA,NA,NA,2.81088580018068,2.92993239067576,3.02138867354444,2.9925187032419,2.84096364314581,3.01145920941968,2.96246595978464,3.11691139870582,3.01240234175795,3.36695446941829,3.36658354114713,3.33472724334547,3.11388793704706,2.97796149800001,3.15722142331699,2.92699724517906,NA,NA,NA
"32",2.70547945205479,2.89045870714528,2.63321437937882,2.71324816653777,2.7736530801242,2.87924465494361,2.98346566525696,2.98217191467084,3.14078412948439,3.30800689198141,2.89252005893024,3.11935168275608,2.97676355107048,3.2053856890729,3.23358301293336,3.53539724109127,3.45555853014039,3.34913405774782,3.15254057277253,3.14557750456403,3.07173855600028,2.79780501003532,3.13969604418808,2.79870063664248,2.71186440677966,2.99043062200957,NA,2.68901334055737,2.65804241526553,2.69916145362723,2.79048317058423,2.91134332854464,2.65813459090879,2.63736263736264,2.79742906801335,2.82798149341389,2.71716338216959,2.9415909338926,3.00076987032155,3.17711550692571,3.08398755533986,3.05855312712023,2.8938426252614,3.16907117864999,NA,NA,NA,2.93478260869565
"33",NA,3.01470588235294,NA,2.79975264283488,2.88186571299025,2.97844069263888,3.06900262442195,2.96564667904867,3.05959575926771,3.07286864112531,3.09541203959237,3.2751746239543,3.09614177279297,3.11735288356444,3.37879557561467,3.36971943040601,3.5818479259124,3.37951583035447,3.20881797605215,3.50814344006695,3.01159044043517,2.70058063067443,3.06603773584906,NA,NA,NA,NA,2.9347583411945,2.75319096710849,2.72189349112426,2.81432056982281,3.03346501828679,2.71676300578035,2.90977770501895,2.71362586605081,2.69035532994924,2.8125,2.99097348781684,3.12319415797294,3.16698121041329,3.07228915662651,3.12885096168308,2.97989987506117,3.14520482537169,NA,3.25581395348837,2.76073619631902,3.07692307692308
"34",NA,NA,NA,NA,2.74062962354102,NA,2.80476344533284,2.91411042944785,3.0718954248366,NA,2.64705882352941,NA,3.37676576006747,3.20285645122246,3.37935129121291,4.16,4.11266341747526,3.90444672676785,3.41932471913497,NA,2.81917717319177,NA,3.29113924050633,NA,NA,NA,NA,NA,2.76015228426396,NA,2.82051282051282,2.88617886178862,NA,NA,NA,3.20987654320988,2.79704055535258,NA,3.12084993359894,NA,3.27044025157233,3.12,NA,NA,NA,NA,NA,NA
"35",NA,NA,NA,2.77798701479332,2.82641154940066,2.83203838972,2.88125771738413,3.00027116027062,3.06670016183826,2.96822793795502,2.87493150213917,2.95485585062621,3.07303500150626,3.09801710982483,3.2303130681826,3.3991486406742,3.3850900093895,3.4528993537426,3.30874514717421,3.0522286331296,2.93031552124421,2.98676393455303,2.84086692786816,2.84903632353834,NA,NA,NA,2.70132155278029,2.75452020406263,3.08412896501615,2.77525070523394,2.81505442149229,2.80306883216741,2.78880520044719,2.73638932956343,2.82434238985323,2.93481802690662,2.9897563289174,3.04474012011237,3.04013488066648,2.89641042869583,3.08979057951891,3.00685668375368,3.03025637184539,3.05893713879075,3.03921568627451,2.73862558124606,NA
"36",3,NA,2.7417606990505,2.90802289646457,2.9825000229297,3.03657115083422,3.01978140373241,3.17298111958781,3.06795921352654,3.10186296356073,3.18268857863099,3.08310991957105,3.24572076514224,3.17909563271293,3.44086035093553,3.74125308417263,3.93813396691949,3.79534547146699,3.32696019987269,3.41860380328547,2.9323206278215,2.87536828139852,3.01863148437131,NA,NA,NA,3.0688622754491,NA,2.76859504132231,2.97133186437857,2.91109255723993,3.11070448307411,2.96466667762401,3,3.07339449541284,NA,NA,NA,2.69662921348315,3.46169312992943,3.4051724137931,3.25266635752377,3.32948937996138,NA,NA,NA,NA,NA
"37",NA,NA,NA,2.71601685985248,2.73832038502048,2.84568810161146,2.83554458734868,2.89167868431673,2.84852614802523,2.95917756985438,2.77085521234449,2.90674330816747,2.87830243173884,3.06894591412242,3.05355000635742,3.2452139346599,3.55292814674664,3.38071609356831,3.17441062447851,2.97260516550334,3.10361555622934,2.73600608431117,3.09232858112695,2.68640350877193,NA,NA,NA,NA,3.00278862683654,2.73009045373366,2.73695376648541,2.72413793103448,NA,2.72402627104683,2.71343481138319,2.71642821221028,2.70534550195567,2.95302013422819,3.20918222647205,2.92617040671889,3.27830594587538,2.88943355119826,2.95567297856291,2.80397378658521,3.06676772327949,2.74016763378465,3.00200133422282,NA
"38",NA,NA,2.92706333973129,2.93413004349907,2.87581836837583,2.8419328784139,3.0420222059345,NA,2.96448033873054,NA,3.24938298354269,2.80026990553306,3.06824140468997,3.18393270487511,3.41567633091522,3.48483792445297,3.95084834016132,3.71428571428571,3.34821428571429,2.8843155012496,2.97482837528604,NA,NA,2.9517453798768,NA,NA,NA,NA,NA,2.97411740063649,NA,2.79779149205665,NA,NA,NA,NA,NA,2.70951480781348,NA,3.35598980458794,2.94117647058824,NA,NA,NA,3.16964285714286,NA,2.89325842696629,NA
"39",3.12138728323699,2.92792792792793,2.89640051297673,2.81080033741324,2.90069099690748,2.87611418517378,2.97538435975764,2.94748065066497,3.04804082278878,3.14599389265591,3.14922310748169,3.05555555555556,3.2372553126014,3.51646136799371,3.12276509324663,3.38423353318398,4.42993398932709,3.73568183836405,3.41485710709455,3.14552838246355,2.77777777777778,2.91111356632264,3.90702055563461,2.9674338752079,NA,NA,2.95622512791359,2.81883997448825,2.8215049579273,3.35622919578281,2.97446453075592,NA,2.91806739721279,3.04849220546895,3.10185185185185,3.19383310939165,2.98461538461538,3.57639866153798,4.68468468468468,3.29463901535866,NA,3.060929987486,3.375,2.82467532467532,2.83808665207042,NA,NA,2.87277701778386
"40",NA,NA,NA,2.90432801822323,NA,2.95212765957447,4.5288871172675,NA,3.08917631891668,NA,NA,NA,3.14006671370838,2.97538440956462,3.78768686718244,3.43452002542912,4.17621669161758,NA,3.02469135802469,3.95723493264477,NA,NA,3.04597701149425,2.90432801822323,NA,NA,NA,2.9608938547486,2.86486486486486,2.83291900594713,NA,NA,NA,2.9171528588098,NA,NA,NA,NA,2.94797687861272,NA,NA,NA,NA,3.32963374028857,NA,NA,NA,NA
"41",NA,NA,NA,NA,2.96147211040828,NA,3.29979593808109,3.16959047591792,NA,NA,NA,NA,NA,3.03497942386831,NA,NA,NA,NA,NA,NA,NA,NA,NA,NA,NA,NA,NA,3,NA,NA,NA,2.96703296703297,NA,NA,NA,NA,NA,NA,NA,NA,NA,NA,NA,NA,NA,NA,NA,NA
"42",3.75055383252105,2.89193302891933,2.92883397998775,NA,2.88220551378446,3.02197802197802,3.01315789473684,4.62686567164179,3.01415543759358,NA,2.93865775292191,2.87162162162162,5.19907073620123,4.22558287291946,3.15825770176837,3.88929536283763,6.11712150004774,3.76228495767149,4.80121899536736,6.90215017583467,3.09230141543483,NA,NA,NA,NA,NA,NA,2.97872340425532,2.91139240506329,NA,NA,2.99379570794869,2.98160173160173,NA,NA,NA,NA,NA,NA,3.08954631402875,3.01974448315912,NA,3.0379746835443,3.03776683087028,2.76930894308943,NA,NA,NA
"43",NA,NA,NA,NA,2.97619047619048,3.09447674418605,NA,3.62903225806452,3.46903669724771,NA,NA,3.05620581487897,NA,NA,NA,3.203125,6.92416225749559,NA,3.18181818181818,8.58085808580858,NA,NA,NA,NA,NA,NA,NA,NA,NA,NA,NA,NA,NA,NA,NA,NA,NA,NA,NA,NA,NA,NA,NA,NA,2.94642857142857,3.39805825242718,NA,NA
"44",NA,NA,NA,NA,NA,NA,NA,NA,NA,3.15052508751459,NA,NA,NA,NA,NA,NA,3.5625,7.72058823529412,NA,NA,NA,NA,NA,NA,NA,NA,NA,NA,NA,NA,NA,NA,NA,NA,3.00120048019208,NA,NA,NA,NA,NA,NA,NA,NA,NA,NA,NA,NA,NA
"45",NA,NA,NA,NA,NA,NA,NA,NA,NA,NA,NA,2.96875,NA,NA,NA,2.94123127784209,NA,3.12080536912752,NA,NA,NA,NA,NA,NA,NA,NA,NA,NA,NA,NA,NA,NA,NA,NA,NA,NA,NA,2.79870828848224,NA,NA,NA,NA,NA,NA,NA,NA,NA,NA
"46",NA,2.72727272727273,NA,2.79626607115495,2.88585421540375,2.97219917403644,2.92513816839312,3.08477971315249,3.13541716020284,2.94991410831382,3.18020247574378,3.20305227176452,3.08615072857957,3.29850983581675,3.29426786509333,3.53507795918208,3.62795631047109,3.40224826553221,3.17561934170804,3.19894960087849,3.09415284736282,3.41090041506251,2.97525480780323,3.57897193535212,NA,NA,NA,3.17398259994248,2.85119478085709,2.77575921763836,2.84144692359702,3.10045983919407,2.68655465129083,2.8972622413968,3.06196865125707,3.62726035387906,2.94376481744903,3.44137553257268,3.35235857617549,3.52664067576348,3.1658291368571,3.45545378850958,2.81657223332669,2.82012561002505,2.82312925170068,3.00653594771242,2.68115942028985,NA
"47",NA,NA,NA,NA,NA,NA,NA,3.20388349514563,NA,NA,NA,2.99019607843137,NA,3.17828767123288,NA,NA,NA,NA,NA,NA,NA,NA,NA,NA,NA,NA,NA,NA,NA,NA,NA,2.99107142857143,NA,NA,NA,NA,NA,NA,NA,NA,NA,NA,NA,NA,NA,NA,NA,NA
"48",NA,NA,NA,NA,NA,NA,NA,2.87671232876712,NA,NA,NA,NA,NA,NA,NA,NA,2.86989795918367,NA,NA,NA,NA,NA,NA,NA,NA,NA,NA,NA,NA,NA,NA,NA,NA,NA,NA,NA,NA,NA,NA,NA,NA,NA,NA,NA,NA,NA,NA,NA
"49",NA,NA,NA,NA,NA,NA,2.83732660781841,4.31561632490299,2.8880234907016,NA,6.24309392265193,NA,NA,NA,NA,3.38983050847458,3.33333333333333,NA,NA,NA,NA,NA,NA,NA,NA,NA,NA,NA,NA,NA,NA,NA,NA,NA,NA,NA,NA,NA,NA,NA,NA,NA,NA,NA,NA,NA,NA,NA
"50",NA,NA,NA,NA,3.01136363636364,2.86421897741678,3.5,NA,3.15457413249211,NA,NA,NA,NA,3.11827956989247,3.2258064516129,4.02298850574713,5.26762243794325,NA,NA,NA,3.23529411764706,2.93551491819057,NA,3.45744680851064,NA,NA,NA,3.07692307692308,NA,NA,NA,NA,NA,NA,NA,NA,NA,NA,NA,NA,NA,NA,NA,NA,NA,NA,NA,NA
"51",NA,NA,NA,3.0952380952381,3.07780156110367,2.710027100271,NA,3.06818181818182,NA,3.27651515151515,2.96505103298654,2.76984126984127,3.00568643379366,3.29571300159535,3.15550736126685,3.03527212439277,4.37013955470331,4.17787114845938,3.02206323105144,2.99198025909932,3.18181818181818,2.70506108202443,3.11926605504587,NA,NA,NA,NA,NA,NA,NA,NA,2.6953125,NA,NA,NA,3.14741035856574,2.84697508896797,3.17527519051651,NA,4.84936234356096,NA,NA,3.06962025316456,NA,NA,NA,3.06122448979592,NA
"52",NA,NA,NA,NA,NA,2.46913580246914,NA,2.00462606013878,NA,NA,NA,NA,2.82392026578073,NA,NA,NA,NA,NA,2.76497695852535,NA,NA,NA,NA,NA,NA,NA,NA,NA,NA,NA,NA,NA,NA,NA,NA,NA,NA,NA,NA,NA,NA,NA,NA,NA,NA,NA,NA,NA
"53",NA,NA,NA,NA,NA,NA,NA,2.65763418447108,NA,NA,NA,NA,NA,NA,NA,NA,NA,2.67901852779169,NA,NA,NA,NA,NA,NA,NA,NA,NA,NA,NA,NA,NA,NA,NA,NA,NA,NA,NA,NA,NA,NA,NA,NA,NA,NA,NA,NA,NA,NA
"54",NA,NA,NA,NA,NA,NA,NA,2.64631043256997,NA,NA,NA,NA,NA,NA,NA,NA,NA,NA,NA,NA,NA,NA,NA,NA,NA,NA,NA,NA,2.25205716760502,NA,NA,NA,NA,NA,NA,NA,NA,NA,NA,NA,NA,NA,NA,NA,NA,NA,NA,NA
"55",NA,NA,NA,NA,NA,NA,NA,NA,NA,NA,NA,NA,NA,NA,2.66181539639985,NA,NA,NA,NA,NA,NA,NA,NA,NA,NA,NA,NA,NA,NA,NA,NA,NA,NA,NA,NA,NA,NA,NA,NA,NA,NA,NA,NA,NA,NA,NA,NA,NA
"56",NA,NA,NA,NA,2.73377618804292,NA,NA,NA,NA,NA,NA,NA,NA,NA,NA,NA,NA,NA,NA,NA,2.66304347826087,NA,NA,NA,NA,NA,NA,NA,NA,NA,NA,NA,NA,NA,NA,NA,NA,NA,NA,NA,NA,NA,NA,NA,NA,NA,NA,NA
"57",NA,NA,NA,NA,3.12312312312312,NA,2.48803827751196,NA,NA,NA,NA,NA,NA,NA,NA,NA,NA,NA,NA,NA,NA,3.11563810665069,NA,NA,NA,NA,NA,NA,NA,NA,NA,NA,NA,NA,NA,NA,NA,NA,NA,NA,NA,NA,NA,NA,NA,NA,NA,NA
"58",NA,NA,NA,NA,NA,NA,2.8921568627451,NA,NA,NA,NA,2.72463768115942,NA,NA,NA,NA,NA,NA,NA,NA,NA,NA,NA,NA,NA,NA,NA,NA,NA,NA,NA,NA,NA,NA,NA,NA,NA,NA,NA,NA,NA,NA,NA,NA,NA,NA,NA,NA
"59",NA,NA,NA,NA,NA,NA,NA,NA,NA,NA,NA,NA,NA,NA,2.68714011516315,NA,NA,NA,NA,NA,NA,NA,NA,NA,NA,NA,NA,NA,NA,NA,NA,NA,NA,NA,NA,NA,NA,NA,NA,NA,NA,NA,NA,NA,NA,NA,NA,NA
"60",NA,NA,NA,NA,2.61752136752137,NA,NA,NA,NA,NA,NA,NA,NA,NA,NA,NA,NA,NA,NA,NA,NA,NA,NA,NA,NA,NA,NA,NA,NA,NA,NA,NA,NA,NA,NA,NA,NA,NA,NA,NA,NA,NA,NA,NA,NA,NA,NA,NA
"61",NA,NA,2.64248704663212,2.69709543568465,NA,2.70647220124448,2.76849340403974,2.7979274611399,NA,NA,2.97142857142857,NA,NA,NA,2.92463442069741,2.94852573713143,NA,2.80172413793103,NA,NA,NA,NA,NA,2.6686807653575,NA,NA,NA,NA,NA,NA,2.73828330700369,NA,NA,NA,NA,NA,2.71132376395534,NA,NA,NA,NA,NA,NA,NA,NA,NA,NA,NA
"62",NA,NA,NA,NA,NA,NA,2.52427184466019,NA,NA,NA,NA,NA,NA,2.73154075970977,NA,NA,NA,NA,NA,NA,NA,NA,NA,NA,NA,NA,NA,NA,NA,NA,NA,NA,NA,NA,NA,NA,NA,NA,NA,NA,NA,NA,NA,NA,NA,NA,NA,NA
"63",NA,NA,NA,NA,NA,NA,NA,NA,NA,NA,NA,NA,NA,NA,1.88405797101449,2.82520325203252,NA,NA,NA,NA,NA,NA,NA,NA,NA,NA,NA,NA,NA,NA,NA,NA,NA,NA,NA,NA,NA,NA,NA,NA,NA,NA,NA,NA,2.21276595744681,NA,NA,NA
"64",NA,NA,2.59610584123814,NA,2.87292817679558,2.94517766497462,NA,NA,2.6,NA,NA,NA,NA,2.66402324058511,NA,NA,NA,NA,NA,NA,NA,NA,NA,NA,NA,NA,NA,NA,NA,NA,NA,NA,NA,NA,NA,NA,NA,NA,2.66666666666667,NA,NA,NA,NA,NA,NA,NA,NA,NA
"65",NA,NA,NA,NA,NA,NA,2.70562770562771,NA,NA,NA,NA,NA,NA,NA,NA,NA,NA,NA,NA,NA,NA,NA,NA,2.86186020913594,NA,NA,NA,NA,NA,NA,NA,NA,NA,NA,NA,NA,NA,NA,NA,NA,NA,NA,NA,NA,NA,NA,NA,NA
"66",NA,NA,NA,NA,NA,NA,NA,NA,NA,NA,2.2707423580786,NA,NA,NA,NA,NA,NA,NA,2.71422162404666,NA,NA,NA,NA,NA,NA,NA,NA,NA,NA,NA,NA,NA,NA,NA,NA,NA,NA,NA,NA,NA,NA,NA,NA,NA,NA,NA,NA,NA
"67",NA,NA,NA,1.73391130376792,NA,3.37997533157063,2.72532188841202,NA,NA,NA,NA,NA,NA,NA,NA,2.71980841601095,NA,NA,NA,NA,NA,NA,NA,NA,NA,NA,NA,NA,NA,NA,NA,NA,NA,NA,NA,NA,NA,NA,NA,NA,NA,NA,NA,NA,NA,NA,NA,NA
"68",NA,NA,NA,NA,NA,NA,NA,2.46796392975795,NA,NA,2.30394328754984,NA,NA,NA,NA,NA,NA,NA,NA,NA,NA,NA,NA,NA,NA,NA,NA,NA,NA,NA,NA,NA,NA,NA,NA,NA,NA,NA,NA,NA,NA,NA,NA,NA,NA,NA,NA,NA
"69",NA,NA,NA,2.68229166666667,NA,NA,2.61160714285714,NA,NA,NA,NA,NA,NA,NA,2.65957446808511,NA,NA,NA,NA,NA,NA,NA,NA,NA,NA,NA,NA,NA,NA,NA,NA,NA,NA,NA,NA,NA,NA,NA,NA,NA,NA,NA,NA,NA,NA,NA,NA,NA
"70",NA,NA,NA,NA,NA,NA,NA,NA,NA,NA,NA,NA,NA,NA,NA,NA,NA,NA,NA,NA,NA,NA,NA,NA,NA,NA,NA,NA,NA,NA,NA,NA,NA,NA,NA,NA,NA,NA,NA,NA,NA,NA,NA,NA,NA,NA,NA,NA
"71",NA,NA,NA,2.90731145653425,2.7956126270733,2.87292817679558,NA,NA,NA,NA,NA,NA,NA,2.75675675675676,2.79569892473118,NA,NA,NA,NA,NA,2.728285077951,NA,NA,NA,NA,NA,NA,NA,NA,NA,NA,NA,NA,NA,NA,NA,NA,NA,NA,NA,2.87292817679558,NA,NA,NA,NA,NA,NA,NA
"72",NA,NA,NA,NA,NA,NA,NA,NA,NA,NA,NA,NA,2.85269709543568,2.78048780487805,NA,2.91838842975207,NA,NA,NA,NA,NA,3.23182100683654,NA,NA,NA,NA,NA,NA,NA,NA,NA,NA,NA,NA,NA,NA,NA,NA,NA,NA,NA,NA,NA,NA,NA,NA,NA,NA
"73",NA,NA,NA,NA,2.66512980298139,3.57075929441272,NA,NA,2.90243902439024,NA,NA,NA,2.83505154639175,NA,2.94117647058824,NA,NA,NA,NA,NA,NA,NA,NA,NA,NA,NA,NA,NA,NA,NA,NA,NA,NA,NA,NA,NA,NA,NA,NA,NA,NA,NA,NA,NA,NA,NA,NA,NA
"74",NA,NA,NA,NA,NA,NA,NA,NA,NA,NA,NA,NA,NA,2.68072289156626,NA,2.81818181818182,NA,NA,NA,NA,NA,NA,NA,NA,NA,NA,NA,NA,NA,NA,NA,NA,NA,NA,NA,NA,NA,NA,NA,NA,NA,NA,NA,NA,NA,NA,NA,NA
"75",NA,NA,NA,NA,3.16422520665576,NA,2.98510878739833,3.44311377245509,2.84503631961259,NA,NA,2.82916213275299,NA,3.31421287444232,2.71803816950544,3.0857651948058,2.62361251261352,2.90386512086644,2.97286868756761,NA,NA,NA,NA,NA,NA,NA,NA,NA,NA,4.01416765053129,2.67749699157641,NA,NA,NA,NA,NA,3.17073170731707,2.78789388466808,NA,NA,3.05164319248826,NA,NA,NA,2.76595744680851,NA,NA,NA
"76",NA,NA,NA,NA,NA,NA,NA,NA,NA,NA,NA,NA,NA,NA,NA,NA,NA,NA,NA,NA,NA,NA,NA,NA,NA,NA,NA,NA,NA,NA,NA,NA,NA,NA,NA,NA,NA,NA,NA,NA,NA,NA,NA,NA,NA,NA,NA,NA
"77",NA,NA,NA,NA,NA,2.57171117705242,NA,2.69900898528085,NA,NA,NA,NA,NA,NA,2.75132275132275,NA,NA,2.28772547294325,2.59610584123814,NA,2.77813707055306,NA,NA,NA,NA,NA,NA,NA,NA,2.46328754144955,NA,NA,NA,NA,NA,NA,NA,NA,NA,NA,NA,NA,NA,NA,NA,NA,NA,NA
"78",NA,NA,NA,NA,NA,NA,NA,NA,NA,NA,2.72952853598015,NA,NA,NA,2.68774703557312,NA,NA,NA,NA,NA,NA,NA,NA,NA,NA,NA,NA,NA,NA,NA,NA,NA,NA,NA,NA,NA,NA,NA,NA,NA,NA,NA,NA,NA,NA,NA,NA,NA
"79",NA,NA,NA,NA,NA,NA,NA,NA,NA,NA,NA,NA,NA,NA,NA,NA,NA,NA,NA,NA,NA,NA,NA,NA,NA,NA,NA,NA,NA,NA,NA,NA,NA,NA,NA,NA,NA,NA,NA,NA,NA,NA,NA,NA,NA,NA,NA,NA
"80",NA,NA,NA,NA,NA,2.68400441628788,NA,NA,NA,NA,2.65765765765766,NA,NA,NA,NA,NA,2.91411042944785,2.72781774580336,NA,NA,NA,NA,NA,NA,NA,NA,NA,NA,NA,NA,NA,NA,NA,NA,NA,NA,NA,NA,NA,NA,NA,NA,NA,NA,NA,NA,NA,NA
"81",NA,NA,NA,NA,NA,NA,2.92696025778733,NA,3.05164319248826,NA,NA,NA,NA,NA,NA,NA,NA,NA,NA,NA,NA,NA,NA,NA,NA,NA,NA,2.64436049649217,2.65193370165746,NA,NA,NA,NA,NA,NA,NA,NA,NA,NA,NA,NA,NA,NA,NA,NA,NA,NA,NA
"82",NA,NA,NA,NA,NA,2.66243282852956,1.89297415362213,3.60610263522885,NA,NA,2.74193548387097,NA,3.76811594202899,NA,2.84943811467111,3.7410071942446,3.7410071942446,NA,NA,NA,NA,NA,NA,3.7410071942446,NA,NA,NA,NA,NA,NA,NA,NA,NA,NA,NA,NA,NA,NA,NA,NA,2.80539772727273,NA,NA,NA,NA,NA,NA,NA
"83",NA,NA,NA,NA,NA,2.6791277258567,NA,2.66871165644172,NA,NA,NA,NA,NA,NA,NA,NA,NA,NA,NA,NA,2.69886363636364,NA,NA,NA,NA,NA,NA,NA,NA,NA,NA,NA,2.85024154589372,NA,NA,NA,NA,NA,NA,NA,NA,NA,2.74853801169591,NA,NA,3.20987654320988,NA,NA
"84",NA,NA,NA,NA,NA,2.82594733461785,NA,2.83856417835532,NA,NA,NA,NA,NA,NA,NA,NA,3.35592440985811,2.88343558282209,NA,NA,NA,NA,NA,NA,NA,NA,NA,NA,NA,NA,NA,NA,2.68817204301075,NA,NA,NA,3.17073170731707,NA,NA,NA,NA,NA,NA,NA,NA,NA,NA,NA
"85",NA,NA,NA,NA,2.13114754098361,NA,NA,NA,NA,NA,NA,NA,NA,NA,NA,NA,NA,NA,NA,NA,NA,NA,NA,NA,NA,NA,NA,NA,NA,NA,NA,NA,NA,NA,NA,NA,NA,NA,NA,NA,NA,NA,NA,NA,NA,NA,NA,NA
"86",NA,NA,NA,2.64131008980454,2.69963716642023,2.74010904587241,2.74620199847341,2.91958822169828,NA,2.75132275132275,2.77333333333333,2.69444444444444,2.76923076923077,2.74565356486682,2.84463894967177,2.57334019557385,3.07991120976693,2.89672544080604,NA,2.76771857216762,2.69769738956116,2.69250125817816,NA,NA,NA,NA,NA,NA,NA,NA,2.67903142709943,NA,2.78670953912111,NA,2.70053475935829,NA,NA,NA,2.71978021978022,2.79255319148936,NA,NA,NA,NA,NA,2.84153005464481,NA,NA
"87",NA,NA,NA,2.64642857142857,NA,NA,NA,NA,NA,NA,NA,NA,NA,NA,NA,NA,NA,2.76151334916682,NA,NA,NA,NA,NA,NA,NA,NA,NA,NA,NA,NA,NA,NA,NA,NA,NA,NA,NA,NA,NA,NA,NA,NA,NA,NA,NA,NA,NA,NA
"88",NA,NA,NA,NA,NA,NA,NA,NA,NA,NA,NA,NA,NA,NA,NA,NA,NA,NA,NA,NA,NA,NA,NA,NA,NA,NA,NA,NA,NA,NA,NA,NA,NA,NA,NA,NA,NA,NA,NA,NA,NA,NA,NA,NA,NA,NA,NA,NA
"89",NA,NA,NA,NA,NA,NA,NA,NA,NA,NA,NA,NA,NA,NA,NA,NA,9.03161063723031,NA,2.85599356395817,NA,NA,NA,NA,NA,NA,NA,NA,NA,NA,NA,NA,NA,NA,NA,NA,NA,NA,NA,NA,NA,NA,NA,NA,NA,NA,NA,NA,NA
"90",NA,NA,2.87286381460563,NA,2.35294117647059,2.35682395373492,2.35112724514182,2.36844229122889,2.45859620988861,2.51277495468214,NA,2.35294117647059,NA,NA,2.37445392136468,NA,2.18579234972678,2.37540106712994,NA,NA,2.36471123237835,2.59111953012172,NA,NA,NA,NA,NA,NA,NA,2.40184757505774,NA,2.29885057471264,NA,NA,NA,2.29681978798587,NA,NA,2.5740429166518,NA,2.32000031754726,NA,2.32246538633318,NA,2.34339792699414,NA,NA,NA
"91",NA,NA,2.75109267683525,2.83139129710698,2.82421641498394,2.86258515957455,2.8430916410054,2.85422849804755,2.89090603429604,2.82512949338031,2.91376633553405,2.89486982271942,2.92076752908817,2.89645155549427,2.87134065261783,2.89663038354072,2.93299846648737,2.86631221660697,2.87887985909213,2.91986313653392,2.77997238506403,2.8587952448149,3.00205700565997,2.76595744680851,NA,NA,NA,NA,2.82317043752287,2.86140634872757,2.8796909571737,2.78095602942557,2.86261761280155,2.87804447215527,2.93869731800766,2.8575464792026,2.87539163093882,2.83873782065819,2.89139988201861,2.94109891588213,2.82036999650076,2.88151470597717,2.83782537348483,2.87334040879814,2.91907035687044,2.87769784172662,3.01799187463726,NA
"92",2.67627380339681,NA,2.71571750193716,2.72432287786986,2.70311703765286,2.70281863691226,2.68311272210924,2.67705358827375,2.60507755789359,2.65854880651918,2.69650718416223,2.65599295072169,2.64344527108054,2.55243629428326,2.61448219906507,2.68356375039266,2.68013747306189,2.65115159285634,2.70629210533351,2.66347245171156,2.6255088948198,2.75560951768717,NA,2.64646464646465,NA,NA,2.65170831208567,2.66666666666667,2.59041011502391,2.66034943739609,2.63115183009652,2.71425932084396,2.75244124012567,2.70027386035278,NA,2.73737968060973,2.54950851114841,2.62207794772467,2.7205065577152,2.62867647058824,2.50294631239573,2.74347565167199,2.68706001995581,2.73761147477,2.7635934140775,NA,2.70016468691965,NA
"93",NA,NA,NA,2.72227660177071,2.78134922457144,2.78103268861907,2.77222386009483,2.74670121352679,2.66743300455235,2.76587088513007,2.72503787596712,2.62649240947658,2.76913092667529,2.62698703090872,2.66758184569944,2.7615320576801,2.77596227340271,2.25274509133276,3.12224073038616,2.65063640170664,2.81630372126651,2.79797138768018,2.84732292366533,2.88478950577342,NA,NA,NA,2.76742948376796,2.76904008644669,2.81973900297214,2.75775277354553,2.79569892473118,2.60129336927112,2.85915906109358,2.90269545243535,2.83259180162544,2.79429897852766,2.71646644984977,2.81778108536297,2.77648569534422,2.45862884160757,2.73777101322231,2.72249525708652,2.74492692566178,2.81897044708163,2.84153005464481,NA,NA
"94",2.79569892473118,NA,2.98238903008482,2.72048839984391,2.72855766401672,2.74677305768041,2.75145467757786,2.73607955663401,2.73307028078958,2.74619896899149,2.74207825185635,2.73216581720638,2.74639592496664,2.73160416340051,17.5139505922973,2.72198832831008,2.71630680367631,2.72501081366884,2.72657612577162,2.7421063603864,2.74684929987188,2.76177283343246,2.79665271070967,2.67724097794846,NA,NA,NA,2.74733041926004,2.72355922229148,2.72806315043792,2.73048649636889,2.74695646595948,2.74869129113418,2.71652387705499,2.75275397070608,2.72779548521086,2.71699741422516,2.75245559749977,2.72228706470837,2.74271689285517,2.70286524814394,2.71312356425801,2.77331532301545,2.6956938570726,2.73226210980764,2.75401965980384,2.75165132911706,2.68398268398268
"95",2.86995158887818,2.68846358320043,2.87007796420302,2.82409653872259,2.85099344694164,2.8829441461065,2.87858294780086,2.86691308575581,2.86421378575579,2.86064414586711,2.87175691817835,2.87432316674578,2.86908611648355,2.89977307574964,2.8723171306049,2.85472708898693,2.876039466367,2.86895404906589,2.84819099078486,2.84941834423822,2.89135496203988,2.92082102593062,2.85990186238712,2.79329897492952,NA,NA,2.92957746478873,2.9066517607602,2.88528295073916,2.88604294434838,2.89208871379444,2.79285735528163,2.8601038623713,2.89300968799827,2.86414456882403,2.90313114553752,2.80483738355153,2.87041706047028,2.86426839093481,2.90024507406729,2.88903810307533,2.98603498795522,2.87575992783712,2.9347144675923,2.81346627035731,2.83705484816794,2.84238328284005,2.87451630735213
"96",2.60730904655262,2.54364212450471,2.62665810961059,2.59513822596938,2.60077048002383,2.59651120813656,2.65750590953558,2.67782026264502,2.5659121957856,2.57439308592628,2.5739418381297,2.57020494004669,2.5591688887109,2.56098523890638,2.56757706474985,2.58648656166461,2.58334655187249,2.58291239016682,2.58800773189409,2.60165916027646,2.59426822412564,2.60502923974298,2.59582390696659,2.62397271529371,2.70231172531131,2.5181598062954,2.60708543077189,2.62444677601797,2.60975143628334,2.60547321546545,2.61038381517478,2.60427434036096,2.5846055654406,2.59082957803519,2.58621565221958,2.58246160314993,2.59452784607426,2.57126789511048,2.57482552619481,2.58069745321219,2.58562871121056,2.58093061582014,2.5896212911767,2.58309693155708,2.58101573191708,2.57232340396877,2.67848962740817,2.61762197364195
"97",2.89053974447731,2.91442967099308,2.8275179069302,2.88446317474775,2.91346850648251,2.97340240899226,6.60996051984531,2.93380593533192,2.91734911195929,2.95337519010909,2.93147833348988,3.33381928419736,2.95888896497318,2.93460751157656,2.96386563598967,5.84916032408826,2.96676286476564,2.98858998651109,2.94901260927373,2.97048723225044,2.94393926783017,2.9599906852642,2.88265942956666,2.89650200925138,2.95525513175177,38.1988939961502,2.91360995606514,2.91363008024741,2.93812372436826,2.93559316632723,2.95424121590224,2.91889733397437,2.89127621984501,2.92264005770314,2.95414862755639,2.94001486335319,2.92463501860017,2.93102251358583,2.95033513738201,2.95527389781008,2.9443087553856,2.96974188675539,2.9076779880043,2.92261897407784,2.96436937101882,2.96164115377341,2.97168660550913,2.70653993156272
"98",2.79954033566448,2.85047828062936,2.8288971078887,2.73132009287308,2.75528802751984,2.70813734019273,2.63395169535601,2.58962117600685,2.60131373334665,2.5484517000033,2.62243806472652,2.61828205309895,2.6023301952936,9.27760662975368,2.67923400284292,2.71282781838217,2.71416866589475,2.7326759111848,2.74642781737226,2.70432233996756,2.68785165881579,2.70932751927898,2.72760342114215,2.72525084898215,2.46796392975795,2.64635658914729,2.70963356942114,2.90699050626174,2.77688742711983,2.76320974048283,2.71705650207255,2.72075638688725,2.71220288903624,2.6874481115191,2.69380723982611,3.48072802863298,2.6788338284415,2.67562428796491,2.64002423839665,2.67067239855315,2.6605893566037,2.6784455094254,2.67213613554812,2.72010298178821,2.72339698131488,2.68814818356341,2.6547808629842,2.81385281385281
"99",2.88072743663079,2.91138849400021,2.87299768634248,2.89977168093421,3.50646275728497,3.72188075173071,2.90493060551144,2.84547485096594,2.81856001105068,2.78924253158717,2.84451768017189,2.88387216167987,2.86734029729273,2.9103125767482,2.87706419264588,2.90183092610346,2.94588434407351,2.93168664519922,2.94704563392905,2.91708757932193,2.90513815428002,2.89340300238546,2.86167167290923,2.83161669076579,2.92039608992477,3.02871176965454,2.95455724080513,2.91732420126007,2.93048262007709,2.92534303820056,2.92459558872358,2.86830961435029,2.82737406769779,2.85849753573948,2.87159293093858,2.86248503115033,2.88218248196094,2.8562841921925,2.88554237277848,2.89066986930797,2.87835998502967,2.87090864458874,2.87929668078161,2.87452530908305,2.91476842363619,2.97466210340552,2.9628106007313,2.92931808934022
"100",2.95820726600193,2.96298223726276,2.96191427171745,2.96835978741631,2.98835897913508,2.99876892473174,3.03631949835821,2.94480957134072,2.9368332203043,4.51530438377674,3.03659929796869,2.98041195031747,2.98233066369739,3.99478117322705,4.12959434718172,3.79481147231067,3.05588697326507,3.02272087543761,3.39194025003604,3.0230793298516,3.00717555957507,3.00291287234372,2.93500632092755,2.94500774659843,2.95765652801855,2.8299334384473,2.98127444037995,2.98884059688844,2.97697238645827,3.54925687644129,3.00261743643812,2.96233827947628,2.99003195009133,2.97322523180374,2.97902264021426,2.98393378835015,2.9850388565245,2.97431564669968,2.97567157685046,2.97556350808021,2.95910293119541,3.00317575119532,3.07348817410235,2.97856039626303,2.98741905037509,3.016759288818,2.99201318006878,3.0045297090082
"101",3.03923820313492,3.11401436686882,3.11047325800938,3.08105257006308,3.21998855937462,3.11862820976818,3.09873791491311,3.02078616234862,2.99753351755074,3.00269870535726,3.04429294565961,3.83505068909022,3.07889295459858,3.08054214452474,3.17737797555484,4.9421465384317,3.16353738856741,3.12337427783425,3.14907198608886,3.14678095988821,3.09896098720206,3.09052766401461,3.04033078103559,3.10758498416643,2.90858587289967,3.25769408567963,3.09967903615764,3.11937926253896,3.11512806235547,3.11509783850064,3.09556919196687,3.08257524280687,3.08315847746416,3.0865086333363,3.08345076715245,3.08608093782363,3.07729445127707,3.09299674632463,3.09070674239733,7.13497060069046,3.06961768285484,3.05811005342374,3.04238864657972,3.07602470035764,3.11856786249705,3.10408054094658,3.1584070397818,3.10636563336554
"102",2.97332288786832,3.13605301800479,3.16034482800366,3.12022020836706,3.17279361527225,3.17923732699418,3.17903473533356,3.16176267972462,3.14691431844557,3.16120498879501,3.1516177731023,3.16185959138514,3.16377436403854,3.18324108215181,3.17457309129633,3.21974731402493,3.30206942374489,3.19300915911839,3.24041823970833,3.20806508357313,3.16925904444702,3.16221891793493,3.13942781339804,3.11396690204081,3.15142026288779,3.14434258551906,3.1206254114462,3.15382503855203,3.15684756546521,3.16848913266351,3.17343376995276,3.15391781577574,3.16772075335371,3.16807151916676,3.15101533270018,3.15075246632534,3.16473548469294,3.14876216630544,3.15734637815757,3.17513989723468,3.13994777395499,3.14158913784903,3.14373752332735,3.16936797515997,3.14643005561839,3.18805996663217,3.12074749599696,3.21180296332786
"103",2.84475221744757,3.04492621264587,2.86452210394967,2.9386039571444,3.18108942511905,3.06314585098593,3.0715058479099,7.06232961838568,3.00605326096741,3.50450911744609,3.03446090029669,3.03325613892593,3.04231239375966,4.99699071146017,3.11902143033147,3.08139066072745,3.07469268720637,3.08062049888132,3.12336022724065,3.0667432003455,3.07695495635908,3.06743272353061,3.01200418722294,3.01444901740742,3.07779276768139,2.79569892473118,3.06734582725011,3.06030222622211,3.05060411626768,3.02436607876102,3.07472800859559,3.04976327672192,3.04056443211801,3.02899702938476,3.08213393591419,3.06163548711304,3.07063816441544,3.07177527656514,3.05680201068701,3.05485088679146,3.12944232348976,3.02316130270899,3.01589522116494,3.04252886714433,2.98686535068859,3.04149171357919,3.06874046304748,2.88728928263812
"104",2.92940423648977,2.8969667058331,2.84570284547592,2.89850776686008,2.91607363280331,2.94532125886062,2.93925074553646,2.90316168064965,2.96853684659417,2.91879415405901,2.92643865825642,2.93578201373684,2.9207681617711,2.94250033008685,2.95815830972084,2.9963794596737,3.05198548567765,3.0064199506192,3.0023933303966,2.97045457263474,2.93370265342238,2.94847479848426,2.92698055244406,2.93372145285479,2.98850574712644,2.93785310734463,2.90252173350578,2.90541832312992,2.90584189649776,2.92490077715562,2.95172815019073,2.92586408772378,2.90148412445745,2.94209309824285,2.93935533574195,2.94382595101028,2.93899172523817,2.94059655171697,2.95218398060074,2.93656272575201,2.96306986390322,2.91885925378149,2.93241338847845,2.90070815627442,2.94202970130793,2.97128999999668,3.02426421556613,2.71117880053971
"105",2.8516944605361,2.75728304019869,202.686509063055,2.7874313460538,2.79895810389271,2.83325813937643,2.83690565879252,2.79632711351084,2.85005224308723,11.0642966616699,2.78952372569132,2.81141015927945,2.78891695883229,2.99916808106922,2.80015751058556,3.20945536092544,2.84764218927694,2.86724908198915,2.85659342422576,2.83619892767749,2.81596903347895,2.83364770176551,2.81019718847658,2.81639197946249,2.83788520482947,2.91690491422144,2.72512934086403,2.77989627703823,2.79287492649962,2.80162487382996,2.83002324265114,2.77209034070829,2.79821767892241,2.82639929533318,2.86036461443821,2.80802743936921,2.80595280049578,2.82903439924106,2.8005545285577,2.83997906475558,2.84741568922917,2.8188492362766,2.78360249696497,2.80434395002942,2.82248628023388,2.79888088058336,2.88524823550439,2.87079201473335
"106",2.70389326143611,2.84349508851328,2.79468397473096,2.77870164388241,2.78405112771335,2.88567250120029,2.77949913854873,2.7415181133477,10.6328470497943,2.7549981793021,2.74357331221661,2.86618209661901,2.72397613175275,5.48795437437234,2.80305096695257,7.51194243661223,2.98606188717828,2.94270179525739,2.92668839905027,2.8436267091736,7.35161869917715,3.00639338928832,2.77040005801971,2.69193105933173,2.7807486631016,NA,2.78778358066939,2.77135469181526,2.82482989385865,2.7708852651825,2.79085502268799,2.7968360829154,2.76032420701652,2.79020691156401,2.80567429245681,2.74343938692324,2.77814645694805,2.81080420610994,2.83564254262005,2.86809705683123,2.89613147431685,2.84578934127988,2.81926930898995,2.81775099776573,2.78709874303957,2.8414584964597,2.77425016571775,10.6164247434214
"107",2.55973149981401,2.60078533405453,2.5205318926022,2.55279851121125,2.5601480978768,2.55252137020522,2.48930214497983,2.45905033878163,2.46175306328313,2.44533863718353,2.46574720790079,2.45828002571348,2.75256312758076,2.43784697254572,2.49522099275061,2.65294680407359,2.73982326464366,2.70482954739781,2.63558801428921,2.58439954392189,2.50748093213308,2.52966292962914,2.52716982424507,2.53202365439991,NA,2.41240116963435,2.59906444743915,2.52096120527476,2.71360525358583,2.56550634926908,2.55555674640867,2.55483822011964,2.56232427131797,2.5521920299637,2.50519021152265,2.52976178062684,2.51318491218533,2.54099337610048,2.56561183120011,2.61115131882152,2.62984907977988,2.54078163092094,2.54108502089957,2.55459241736228,2.52745054549735,2.50899365697123,2.48851382018283,2.61592962620794
"108",2.82816751354882,3.01810830092081,2.88250943218566,2.92249856357117,29.885935750236,2.95054012607575,2.95185757523563,2.93230586582936,2.94641669680279,2.94333721368976,2.96391152978031,2.92718016713564,2.9353244098566,2.88913617463765,3.71906589777361,3.0970355141704,3.11432781613225,3.11508575033608,3.11359864868501,3.04623595837665,2.96133210066057,2.94078050574455,2.96199668803228,3.0045068281984,2.99539170506912,2.70833333333333,2.8473193129933,2.92818528989309,2.93214141162513,2.9613031785769,2.94001981297019,2.92725475888698,2.94461200177806,2.9314711243175,2.96915313326804,2.97805145050954,2.92677336637853,2.92327587686923,2.95316773474048,2.9956400412265,2.97870475838656,3.07944364009546,2.91126097606801,2.93637882374322,2.95092297608427,2.91571383490396,2.98850574712644,3.03063777482421
"109",3.01799187463726,2.92134831460674,2.83915817585328,2.87407918572069,2.9384448512661,2.96140635831621,2.92241086091321,2.91058410190309,2.89016254844592,2.9333233663677,2.94357179949366,2.90492418244431,2.91039743094804,2.88015576627167,2.95617214793142,2.99336570088517,2.99221877743259,3.01749459060248,2.98274973593007,2.96576043473655,2.9113599755307,2.91464951046861,2.89824124413451,2.92004035817884,NA,2.9551940086513,3.02501454333915,2.92408152118581,2.82415604567601,2.92797011659155,2.9381066567171,2.92050936672463,2.94539889314434,2.91715224092292,2.93543290857792,2.84873375591993,2.91343429248931,2.91062552734326,2.91545931406942,2.92177203701292,2.90159329040395,2.95479959038787,2.99767138356862,2.97079674338196,2.73961478194496,2.94179304232209,2.88888888888889,2.96803652968037
"110",3.01360444432024,2.67520531027518,2.8867799344582,2.83391233203808,2.83218708746097,2.90658130718823,2.77244232342935,2.73658201356506,2.72269241918702,2.74214660464331,2.77722030540601,2.76786271895532,2.76891588530214,2.76917163585231,2.78371902231629,2.81735550884757,2.83707171905398,2.86511534674859,2.83922800489999,2.84725087104071,2.82871007651851,2.81984798956342,2.83187858726126,2.86690072072091,NA,3.02016428175189,3.02571543611373,2.92425905478913,2.8770385463113,2.85621919486992,2.86516258985773,2.88297003255828,2.81988812478663,2.86726480131546,2.81882183938457,2.82681714111518,2.79258741555694,2.80805122640514,2.8142774142759,2.8185536200521,2.78085300504803,2.80053729265067,2.82423945240248,2.84279894931036,2.85161640996146,2.8924879493401,2.91712655658489,3.2520325203252
"111",2.8321515284998,2.78913246754779,2.79084411862978,2.77448501563527,2.7834089971803,2.78817945138196,2.78248740906456,2.76307076590186,2.7705888769461,2.77468669779874,2.77120068803098,2.77369277283765,2.77597740185777,2.77789325574055,2.77446278194054,2.77796915294088,2.93182760461477,2.76356832545176,2.77795551878194,2.78524132288405,2.78006486976291,2.79765749421757,2.78932640229487,2.80287574867286,2.72251308900524,2.78223649010166,2.71257172665623,2.82020358217973,2.77881134258514,2.79741551756931,2.79287573858559,2.78599872479351,2.76007018785356,2.79796426720273,2.76913349673328,2.78366546015222,3.17318304878294,2.79172614669751,2.77655012692132,2.75959742862558,2.77137832424766,2.76820460887077,2.77614129444801,2.77973438815872,2.82923469485497,2.82226961146122,2.82013898324314,2.79699248120301
"112",2.94284097340124,2.92628024760833,2.84203826395044,2.83963567566028,2.83451898550402,2.84267301582208,2.84752150777924,2.82923360346824,3.03957770710633,2.83476533679058,2.83679641389599,2.84479150287342,2.83000235272633,2.83099904027506,2.8337210765561,2.8405238671839,2.84599345609823,2.8220461365679,2.841353239313,2.82631032248029,2.87936990293938,2.87385980063502,2.82839509254219,2.82209426999166,2.87292817679558,2.93785310734463,2.78146453089245,2.83869422981422,2.87255738591079,2.73663118283006,2.85601588130648,2.82389083462149,2.802008343521,2.85087584177006,2.82538110805771,2.81635279706506,2.81129971457778,2.85903547815491,2.78677160637386,2.84632723993815,2.8353208675337,2.86693136390672,2.84025362957599,2.83267572128641,2.85719045857269,2.86210916425117,2.68317853457172,2.84153005464481
"113",3.08893570412458,2.99884659746251,2.87097046394553,3.02984286494907,2.99075527385401,3.01511570017639,3.01174679457048,2.98250341524301,3.03097218453027,3.03605929988369,3.01540966818937,3.01926732598137,2.95394885925672,3.0336665864758,3.02539935361547,3.03987501094972,3.02842003565404,3.03489208930666,3.02577120594822,2.96899442665524,2.99412600316135,3.06665778700533,3.08401363088153,3.0084615281627,NA,NA,NA,2.98010960074286,2.96826898454389,3.03100092980931,3.04019749570014,2.96757355182194,3.0758224246551,2.95448934684931,3.04333972820138,2.99763592030358,3.096106391405,2.91450375925545,2.98828330942403,2.99061921897062,3.00374268226093,3.05164108491772,2.94051428363496,3.00370036134108,2.921455983138,3.01996408082995,3.02186744465605,3.22981366459627
"114",NA,NA,NA,2.54278728606357,2.5494844516934,2.50262773513029,2.51297399495092,2.50877616500885,2.49035599032122,2.52237893747062,NA,NA,2.52950507986203,2.41283974087011,2.52449206576686,2.42971134489607,2.71786987362608,2.41642143053419,2.47451036888214,2.92112950340798,2.56313131313131,2.53658536585366,2.78619916919579,NA,NA,NA,NA,NA,2.54030288226673,2.3963133640553,2.65035677879715,2.45862884160757,2.72154460812785,2.54901960784314,2.57462086599814,NA,2.6409344845099,2.429458857124,2.26605278614601,2.52427184466019,2.51207729468599,2.4904214559387,2.42877160205511,NA,2.50844187168355,NA,NA,NA
"115",NA,2.46913580246914,NA,2.524573629123,2.53733614311229,2.58229124949425,2.57368861378023,2.54326629210328,2.5176134536099,2.54476369703843,2.59976882204974,2.52474717625832,2.51449534023468,2.55889410076262,2.53278075848199,2.50791637493681,2.53334456021915,2.56418737108613,2.50698949556573,2.58025002384126,2.49875698637549,2.54856158325497,2.51652962220682,2.59210564289971,2.44131455399061,NA,NA,2.56103612750133,2.55912697136869,2.64944633621558,2.67029957652154,2.59757041229352,2.63029326375833,2.5250062369107,2.55174339128593,2.66803488968702,2.55190772609749,2.58359138224265,2.47800555025867,2.54835937199952,2.59759894573733,2.56700132149851,2.59104874122656,2.56916996047431,NA,NA,2.66393442622951,NA
"116",2.77963070476454,2.83777658106807,2.90757202329553,2.82240197459802,2.7910315234906,2.78223519066525,2.74749530822445,2.73671275593589,2.72346538227282,2.74811036940533,2.88748025444894,2.75689006547233,2.76217813688626,2.77385475875406,2.79939890448559,2.80215145473154,2.82137887096783,2.80526539127594,2.82792833419694,2.81620561436125,2.79214140605701,2.82911986284355,2.77584230588318,2.78404922634069,NA,2.66666666666667,3.00639546792994,2.75048577952616,2.8085884986887,2.81914006272104,2.80246190051726,2.82912557835961,2.77018184044782,2.76940873960409,2.77735920269379,2.83168854301206,35.7331956009441,2.80335085881274,2.78966751530993,2.77810904935955,19.7580598636564,2.77179413757641,2.79102103841877,2.79558577072047,2.81659267126415,2.79588789567916,2.8469508006633,2.91857431708678
"117",2.7807486631016,3.06549195961124,2.91812839714561,2.97449194092568,2.98005367076834,3.01448601981754,3.00688582729133,2.93317354168146,2.90740114373973,2.93008894486363,2.96121271404495,2.98192793931724,2.98484202874629,2.99078830600445,2.9766605861153,3.00991367227264,3.07304591383045,3.04157712716207,3.00106887478996,3.80564563281531,3.0039033970504,3.0221877433422,2.96384213846193,3.0060810732222,NA,2.46913580246914,NA,3.15533980582524,2.8989075522338,3.02494743980094,3.00339420953228,2.97999833836029,2.97999665749409,3.0169555028876,2.95539823858195,3.0036320583464,2.95610487862886,3.02551057477577,2.99112979075068,3.41203932046542,2.99949200876445,2.96369480422577,2.91612295572736,3.00771909828154,2.9846141535638,2.92479622525414,3.1854064929909,NA
"118",3.14202263599854,2.54901960784314,3.02368712150967,2.89029896914313,2.801642415952,2.78514068126461,2.74038765472803,2.75097292440719,2.67818787745474,2.69575191939749,2.77403981677501,2.7733508160347,2.79125327876544,2.78875602525715,2.84722906388495,2.81560906857529,2.92641893861778,2.8104123016909,2.80850177843275,2.78425701756591,2.77992529772328,2.80937879338287,2.76651827832848,2.77301335215832,NA,NA,NA,2.96319631029319,2.81179240056653,2.82101895068389,2.78141771475658,2.74271624779655,2.82378503592238,2.83825451493918,2.7548999440249,2.85579902657284,2.81986589224147,2.77722866889143,2.78036797143493,2.84276355494481,2.84429625711079,2.73369655547001,2.7486771349079,2.77776512939451,2.69441332113053,2.74149803230643,2.78789407458575,NA
"119",NA,NA,NA,NA,3.16326530612245,3.1938973722549,4.42255479135378,NA,3.33333333333333,NA,NA,NA,NA,1.669341894061,NA,1.72356645674511,5.26060037397783,3.44506517690875,NA,NA,NA,NA,NA,NA,NA,NA,NA,NA,NA,NA,NA,NA,1.69712793733681,NA,NA,NA,NA,NA,NA,NA,NA,NA,NA,3.29787234042553,NA,NA,NA,NA
"120",NA,3.33333333333333,3.33333333333333,3.39068100358423,NA,3.93039049235993,3.38173362651349,3.48884381338742,3.82006662443384,3.58049581839904,NA,3.6,3.63111193189032,NA,NA,3.30668948857033,4.06385281385281,3.43117408906883,3.49973794549266,NA,3.46726190476191,3.30578512396694,NA,NA,NA,NA,NA,NA,NA,NA,NA,3.81657102587335,NA,NA,NA,NA,NA,11.5584415584416,NA,NA,NA,NA,NA,3.64963503649635,NA,NA,NA,NA
"121",NA,3.48484848484848,NA,NA,2.5262440493144,NA,3.48648064219912,3.66444099818798,3.65293420272673,3.53607374172563,3.54104104104104,3.25051707307644,3.25909855954599,7.78822501968111,2.64666419944153,16.6616664769967,6.39619808894456,4.56117887434283,NA,3.65981735159817,NA,3.87622793872794,NA,3.69565217391304,NA,NA,NA,NA,NA,NA,NA,NA,NA,NA,3.46938775510204,NA,NA,NA,3.31412103746398,NA,NA,NA,NA,3.33333333333333,NA,NA,NA,NA
"122",NA,NA,NA,NA,NA,NA,3.18761384335155,3.012912482066,NA,NA,3.36475337897139,3.03921568627451,3.84905578307771,6.77772600186393,3.63697644142127,3.54517326732673,3.23056882327399,NA,3.02013422818792,NA,NA,NA,NA,NA,NA,NA,NA,NA,NA,NA,NA,NA,NA,NA,NA,NA,NA,NA,NA,NA,NA,NA,NA,NA,NA,NA,NA,NA
"123",NA,NA,NA,NA,NA,2.93634749741181,3.07451712028095,3.08823529411765,NA,3.16455696202532,3.15384615384615,3.08908045977011,3.1636863823934,3.07692307692308,3.02197802197802,NA,NA,NA,3.37719298245614,3.09859154929577,NA,NA,NA,NA,NA,NA,NA,3.00261096605744,2.9190074906367,NA,2.91044776119403,NA,NA,NA,NA,NA,NA,NA,2.85874439461883,NA,NA,NA,3.11688311688312,NA,2.93103448275862,NA,NA,NA
"124",NA,NA,NA,NA,NA,NA,NA,NA,3.05867665418227,NA,NA,NA,NA,NA,NA,NA,NA,NA,NA,NA,NA,NA,NA,NA,NA,NA,NA,NA,NA,NA,NA,NA,NA,NA,NA,NA,NA,NA,NA,NA,NA,NA,NA,NA,NA,NA,NA,NA
"125",NA,NA,NA,NA,3.21428571428571,3.09050772626932,NA,NA,NA,NA,NA,NA,3.37209302325581,NA,NA,3.23960880195599,3.45238095238095,NA,NA,NA,NA,NA,NA,NA,NA,NA,NA,NA,NA,NA,NA,NA,NA,NA,NA,NA,NA,NA,NA,NA,NA,NA,NA,NA,NA,NA,NA,NA
"126",NA,NA,NA,NA,NA,NA,NA,NA,NA,NA,NA,NA,NA,NA,NA,2.9296875,NA,2.85714285714286,NA,NA,NA,2.83528352835284,NA,NA,NA,NA,NA,NA,NA,NA,NA,NA,NA,NA,NA,NA,NA,NA,NA,NA,NA,NA,NA,NA,NA,NA,NA,NA
"127",NA,NA,NA,3.4466477809254,NA,NA,NA,NA,NA,NA,NA,NA,NA,0.00100704934541793,NA,NA,0.000881834215167549,NA,NA,NA,NA,NA,2.88288288288288,NA,NA,NA,NA,NA,NA,NA,NA,NA,NA,NA,NA,NA,2.86707211120765,NA,NA,NA,NA,NA,2.93005671077505,NA,NA,NA,NA,NA
"128",NA,NA,NA,NA,NA,NA,NA,NA,NA,3.19277108433735,NA,NA,NA,NA,NA,NA,NA,NA,3.20512820512821,44.4444444444444,NA,NA,NA,NA,NA,NA,NA,NA,NA,NA,NA,NA,NA,NA,NA,NA,NA,NA,NA,NA,NA,NA,NA,NA,NA,NA,NA,NA
"129",4.23714742929829,NA,NA,3.0003805175038,3.28832809649409,3.21939579641478,3.25672230768771,3.42416743939892,3.19769851179672,3.60533966550306,3.89248923107287,3.86104006975333,4.16319922499529,5.47594315166134,4.33617292805305,4.81161892862633,6.34347223578796,5.80868384017465,4.97966397276698,4.13397855753625,3.94016361380885,3.71083390785009,2.98482090168664,2.93333333333333,NA,NA,NA,2.90919690809071,NA,3.58450995409843,2.97484715835654,4.12018628885067,2.93276708964388,3.69335435620644,4.42308686437027,3.71283875178049,2.88641459399465,212.121212121212,4.21979594553476,5.02498442859551,5.40780221523962,4.75299713375071,NA,4.40970600937139,NA,NA,NA,NA
"130",NA,NA,NA,3.87831477866828,4.34524393350673,3.47050553780789,3.39777010215531,3.4256331978961,4.27837151441089,4.16212240058125,5.50957450388701,4.80251040385053,4.88016980849334,5.34982177126378,5.19102090583061,4.75225575728892,5.6589675862536,5.75625634982471,4.38619550776361,4.33473820670414,3.09253246753247,2.82126731827767,5.72320442918239,4.53513301406794,NA,NA,NA,NA,2.82828282828283,4.20556393646286,4.51625173185191,5.26849037487335,4.07856007946524,4.10541237113402,5.37745604963806,2.90840223784506,5.55766349336569,4.85600048100048,4.7679231854522,5.0473131325701,4.90566037735849,3.74815116038076,3.99089497459063,NA,NA,3.19410319410319,NA,NA
"131",NA,NA,NA,NA,3.02197802197802,NA,NA,NA,NA,NA,NA,NA,NA,6.66666666666667,5.68606355561071,5.27741687828501,6.39520987965009,6.13122485781662,6.34334445680386,2.92134831460674,NA,NA,NA,NA,NA,NA,NA,NA,NA,NA,NA,NA,NA,NA,NA,NA,NA,NA,NA,NA,4.9817122311078,7.32394366197183,NA,2.97872340425532,NA,NA,NA,NA
"132",NA,NA,NA,NA,3.26807897071872,3.30097087378641,3.30188679245283,3.16933557449943,3.16666666666667,3.11575134666584,NA,NA,3.31521739130435,NA,NA,NA,NA,3.46938775510204,3.99159663865546,NA,NA,3,NA,NA,NA,NA,NA,NA,NA,NA,3.17297850562948,NA,NA,NA,2.79503105590062,NA,NA,NA,3.11377245508982,2.92857142857143,NA,NA,3.00632911392405,NA,3.14091680814941,NA,NA,NA
"133",NA,NA,NA,NA,NA,4.59708041713585,4.22965185261,4.81927710843374,NA,4.05972271596161,5.37108729269984,3.55681875301867,4.2670448612657,4.6091906675634,4.75300646569623,5.43762372326327,5.05820256976889,4.92578839115984,4.57925171408996,3.40947772638949,4.98639305678141,NA,NA,NA,NA,NA,NA,NA,NA,NA,NA,5.12427184466019,NA,4.90566037735849,NA,6.04651162790698,4.89210085973112,4.42148954423848,5.47368421052632,4.48274898489955,4.85981308411215,5.14788435727372,3.97254901960784,3.87146855593458,NA,NA,NA,NA
"134",NA,2.78902483611227,2.71535580524345,NA,NA,NA,2.92890406424435,3.88095238095238,3.15904830177461,NA,2.75700934579439,2.79725959692506,2.87843576001291,2.91480268883213,NA,2.81553398058252,2.97526212667611,3.38820171295874,3.29925650557621,NA,NA,2.90652734039508,2.87315524005231,2.80952380952381,NA,NA,2.79816513761468,NA,2.82697427258169,2.87539936102236,NA,NA,3.4136546184739,NA,NA,2.93989898989899,NA,NA,NA,2.79279279279279,NA,NA,2.80542986425339,NA,NA,3.05555555555556,NA,NA
"135",NA,NA,NA,NA,3.05825242718447,NA,NA,NA,NA,NA,NA,NA,NA,NA,2.86481647269472,NA,3.00925925925926,2.95829291949564,NA,NA,NA,3.60563044120656,NA,NA,NA,NA,NA,NA,NA,2.80701754385965,NA,NA,NA,NA,NA,NA,NA,NA,NA,NA,NA,NA,NA,NA,NA,NA,NA,NA
"136",NA,NA,NA,NA,2.83638183638184,3.23785803237858,2.9129969647211,NA,NA,1.40957446808511,NA,NA,2.87730560676132,3.61317747077577,3,NA,3.42992952576714,3.4866716492277,NA,NA,NA,NA,NA,NA,NA,NA,NA,NA,NA,2.74725274725275,NA,NA,NA,NA,NA,2.90816326530612,NA,1.99769496734537,2.85,NA,2.83333333333333,NA,NA,NA,NA,NA,NA,NA
"137",NA,NA,NA,2.77511961722488,2.80178087121166,2.91187739463602,2.9045643153527,2.85202779353375,NA,NA,NA,4.25091985282355,NA,NA,4.95238095238095,NA,NA,5.47368421052632,NA,NA,NA,NA,NA,NA,NA,NA,NA,NA,NA,NA,NA,NA,NA,NA,NA,3.01801801801802,NA,NA,NA,NA,NA,NA,2.82828282828283,NA,NA,NA,NA,NA
"138",NA,NA,NA,NA,2.79461575331523,3.85433160352623,3.17760346196333,2.90339661478958,3.08904978428592,2.75109734293416,2.73706896551724,2.7582793843133,3.17340160951088,3.2695733743655,3.42847852758538,3.53532652180182,4.28346322327209,3.91282022924503,3.40813126264738,3.51021174096941,4.16841506825318,3.96589671983718,4.95238095238095,2.56410256410256,NA,NA,NA,NA,NA,NA,NA,4.72727272727273,4.5335658238884,3.90139048872799,2.70713699753897,5.06329113924051,NA,2.80362433265659,2.80996658209048,2.80945597504297,3.00399323181049,NA,4.50997398091934,NA,NA,NA,NA,2.73913043478261
"139",3.00951862226372,2.69503546099291,2.7208480565371,2.88820395163,2.77526168739781,2.80999163339025,2.90844619285345,2.92697344359347,2.75117658741339,3.01646847657821,2.9924645257325,2.93780390277455,2.89302788805499,3.23463045755175,3.18339727955386,3.4026002431663,3.39265026509777,3.29092236904366,2.4828612665365,3.11298170712612,2.82146098398817,2.95239939665121,2.7663586295352,2.68703315119979,NA,NA,NA,2.7906976744186,2.84326955272064,2.71839633079299,3.197513094986,2.84280936454849,3.13268111906955,2.74955530082707,2.72944003661886,4.32252701579385,2.68681780016793,4.13683373110581,NA,2.92617040534728,3,2.8189042202116,3.37603436270483,2.86121556252798,3.6600465199499,NA,2.74074074074074,NA
"140",NA,2.73913043478261,2.75800711743772,2.88223663705782,2.84201494288174,2.8747501131992,2.94129279612677,3.02005449032364,3.04235622098132,2.8936484897468,2.91721627367502,2.87486791118754,2.86713286713287,2.95027857539173,3.89813969440942,3.32196489569682,4.62407823849196,3.54427043778899,3.5901745403692,2.88483209375704,2.7872306904565,2.81121058853926,NA,3.60845549182069,NA,NA,NA,NA,2.82052725303513,2.73049645390071,2.73049645390071,2.98423302762743,2.92110676350783,2.82121460402571,1.48584905660377,NA,2.71622587562545,3.08775731310943,4.2156862745098,2.89436834247017,3.19542064163044,3.03171641791045,2.77027027027027,NA,2.70642201834862,2.94882914137034,NA,NA
"141",NA,4.68468468468468,NA,3.65966018060736,4.43232690893994,4.21936591913349,4.57803465955677,4.65447948507368,4.13677513230262,4.183090490791,4.17807408129164,4.13998136061504,4.20223220330463,4.49088046053671,4.19421881365729,4.54503466069879,4.51641338951095,4.38753242538504,4.54347744862908,4.07705809559545,4.44444444444444,3.89566177864603,2.72321428571429,4.40677966101695,NA,NA,NA,NA,3.51802990325418,4.51781059947871,NA,NA,4.48275862068966,2.46451476342201,NA,4.52961672473868,3.79257636800625,3.82090780809031,4.54611445837631,4.42953213319905,4.39868814393884,4.77104377104377,4.13281246509768,5.09803921568628,2.79816513761468,NA,NA,NA
"142",2.81206513826835,3.23688092682647,2.98056223511637,3.08986082827011,3.08617396330197,3.12370825561251,3.14018081982584,3.13742838010779,3.07933882006457,3.0516420956212,3.2484153045752,3.27157321550616,3.23935002099499,3.32591337480947,3.64018937892213,3.53557634499372,4.36038305686309,3.59194674537202,3.66410751320708,3.33992694403111,3.23091440926639,3.2943136240281,2.99079098316303,2.89730726805347,NA,3.96946564885496,3.47848381867231,3.05493858713618,3.19907717844759,3.19631805058539,3.29627154001264,3.14600109843531,3.23212522376691,3.21001685950871,3.37668065048957,3.33178034544712,3.32498494632806,3.24276454905881,3.29273239543636,3.31930971928785,3.38925815131391,3.1941758736269,3.26892735631385,3.19330243480435,2.94162235371974,3.06432917491975,2.81770910046783,2.67379679144385
"143",NA,NA,NA,NA,NA,NA,NA,NA,NA,2.78858625162127,NA,3.20404721753794,2.98907882241216,NA,2.89241154752367,3.06100795755968,NA,NA,NA,4.2379089836717,NA,NA,2.92307692307692,NA,NA,NA,NA,NA,NA,NA,NA,NA,NA,NA,3.13531353135314,NA,NA,NA,NA,NA,NA,2.89855072463768,NA,NA,2.93650793650794,NA,NA,NA
"144",NA,NA,NA,NA,2.87958115183246,NA,NA,NA,NA,NA,NA,NA,NA,NA,NA,NA,NA,NA,NA,NA,NA,NA,NA,NA,NA,NA,NA,NA,NA,NA,NA,NA,NA,NA,NA,NA,NA,NA,NA,NA,NA,NA,NA,NA,NA,NA,NA,NA
"145",NA,NA,NA,2.84431137724551,6.21277997364954,3.53388574559921,3.87449819033824,4.13480669672127,3.01826290672682,2.96355886016817,5.19397993311037,5.24334558803023,7.95024231437645,4.41696464685593,5.22805198930884,4.40616031661462,6.44379079476188,5.01532621815641,5.68645667179427,5.95848311365553,3.046875,NA,2.98387096774194,NA,NA,NA,NA,NA,3.1534263189812,2.93680448937233,4.96437059602604,2.94573643410853,3.01724137931034,2.98178562238204,4.57027324646613,NA,3.09810671256454,3.41666666666667,NA,3.05337025095062,8.60041830828348,9.23623445825933,NA,NA,9.55882352941176,NA,NA,NA
"146",NA,NA,NA,2.91590073529412,2.91005291005291,2.90745241867228,2.96918677159936,3.19231729064723,3.25049825610364,8.96551724137931,2.93650793650794,NA,NA,2.91777188328912,3.02308802308802,3.50500715307582,3.76766091051805,NA,3.24675324675325,NA,NA,NA,NA,NA,NA,NA,NA,NA,NA,NA,NA,NA,5.54523554274026,NA,NA,3.23658975856698,NA,8,NA,2.45979186376537,NA,NA,NA,NA,NA,NA,NA,NA
"147",NA,NA,NA,NA,NA,NA,NA,2.94117647058824,NA,2.95454545454545,NA,NA,NA,NA,NA,NA,NA,3.46153846153846,NA,NA,NA,NA,NA,NA,NA,NA,NA,NA,NA,NA,NA,NA,NA,NA,NA,NA,3.14814814814815,NA,NA,NA,NA,NA,NA,NA,NA,NA,NA,NA
"148",NA,NA,NA,NA,2.79870828848224,NA,3.02501454333915,3.29497907949791,NA,NA,NA,NA,3.12124849939976,NA,NA,3.07486631016043,NA,NA,NA,NA,NA,NA,NA,NA,NA,NA,NA,NA,NA,NA,NA,NA,NA,2.69503546099291,NA,NA,NA,NA,NA,NA,NA,NA,NA,NA,NA,NA,NA,NA
"149",NA,NA,NA,NA,2.74774774774775,NA,NA,NA,NA,NA,NA,NA,NA,NA,NA,NA,NA,NA,NA,NA,NA,NA,NA,NA,NA,NA,NA,NA,NA,NA,NA,NA,NA,NA,NA,NA,NA,NA,NA,NA,NA,NA,NA,NA,NA,NA,NA,NA
"150",NA,NA,NA,2.81827016520894,NA,2.7972027972028,NA,NA,NA,2.76699029126214,NA,2.76990674318508,2.91189646590343,NA,2.77497477295661,NA,2.80193236714976,NA,2.75510204081633,NA,NA,NA,NA,NA,NA,2.91338582677165,NA,NA,NA,NA,NA,NA,NA,NA,NA,2.77237354085603,NA,NA,2.82024246275915,NA,NA,NA,NA,NA,NA,NA,NA,NA
"151",NA,NA,NA,NA,NA,NA,NA,NA,NA,2.70642201834862,NA,NA,NA,NA,2.77777777777778,NA,NA,NA,2.7944969905417,NA,2.75229357798165,NA,NA,NA,NA,NA,NA,NA,NA,NA,NA,NA,NA,NA,NA,NA,NA,NA,NA,NA,NA,NA,NA,NA,NA,NA,NA,NA
"152",NA,NA,NA,NA,NA,NA,NA,NA,NA,NA,NA,NA,NA,NA,NA,NA,NA,3.10734463276836,NA,NA,2.98042704626335,NA,NA,NA,NA,NA,NA,NA,NA,NA,NA,NA,NA,NA,NA,NA,NA,NA,NA,NA,NA,NA,NA,NA,NA,NA,NA,NA
"153",2.73775216138329,NA,NA,NA,NA,NA,NA,NA,NA,NA,NA,2.72727272727273,NA,NA,NA,NA,NA,2.89855072463768,NA,2.73722627737226,NA,NA,NA,NA,NA,NA,NA,NA,NA,NA,NA,NA,NA,NA,NA,NA,NA,NA,NA,NA,NA,NA,NA,NA,NA,NA,NA,NA
"154",NA,NA,NA,NA,NA,NA,NA,NA,NA,NA,NA,NA,NA,NA,NA,NA,NA,NA,2.85714285714286,NA,2.87396121883657,NA,NA,NA,NA,NA,NA,NA,NA,NA,NA,NA,NA,NA,NA,NA,NA,NA,NA,NA,NA,NA,NA,NA,NA,NA,NA,NA
"155",NA,NA,NA,NA,NA,NA,NA,NA,NA,NA,NA,NA,NA,NA,NA,NA,NA,NA,NA,NA,NA,NA,NA,NA,NA,NA,NA,NA,NA,NA,NA,NA,NA,NA,NA,NA,NA,NA,NA,2.93269230769231,NA,NA,NA,NA,NA,NA,NA,NA
"156",NA,NA,NA,NA,NA,NA,NA,NA,NA,NA,NA,NA,NA,NA,NA,NA,NA,NA,3.82352941176471,NA,NA,NA,NA,NA,NA,NA,NA,NA,NA,NA,NA,NA,NA,NA,NA,NA,NA,NA,NA,NA,NA,NA,NA,NA,2.79166666666667,NA,NA,NA
"157",NA,NA,NA,2.8347375325667,2.75070227478506,2.93134787401935,2.81933179266718,3.09794085834038,3.19304462233108,3.57041808533389,2.75537878090524,2.79034451676828,NA,3.23960269916684,3.40450618093729,3.93258629487531,4.66044235180043,3.90215074391754,4.18304471617393,4.89642184557439,3.50404312668464,2.95643488609317,2.73735273735274,3.0188679245283,NA,NA,NA,NA,2.69905533063428,NA,NA,2.78301886792453,NA,2.74788049145396,NA,NA,NA,3.1563126252505,3.13597569920867,3.08225419664269,NA,NA,NA,2.83778724874734,NA,NA,2.66351989211059,NA
"158",NA,NA,NA,NA,NA,NA,NA,NA,NA,3.01652892561983,NA,NA,NA,3.13293818797629,NA,NA,NA,NA,2.79965004374453,NA,NA,NA,NA,NA,NA,NA,NA,NA,NA,NA,NA,NA,NA,NA,NA,NA,NA,NA,NA,NA,NA,NA,NA,NA,NA,NA,NA,NA
"159",NA,NA,NA,NA,NA,NA,NA,2.93529019346231,NA,2.98573975044563,NA,NA,NA,NA,NA,NA,NA,NA,NA,NA,NA,NA,NA,NA,NA,NA,NA,NA,NA,NA,NA,NA,NA,NA,NA,NA,NA,NA,NA,NA,NA,NA,NA,NA,NA,NA,NA,NA
"160",NA,NA,NA,4.01953690303907,NA,3.1875,NA,3.11594202898551,NA,NA,NA,NA,3.13064419024684,NA,3.06484887292616,6.71580624065221,7.75882706115051,3.46774193548387,3.52941176470588,NA,3.2,NA,3.09155442300692,NA,NA,NA,NA,NA,NA,NA,3.04212168486739,NA,NA,NA,NA,NA,NA,3.07142857142857,NA,NA,NA,NA,NA,NA,NA,NA,NA,NA
"161",3.39147286821705,NA,NA,2.96514976958525,6.16586856823762,8.14780613239588,5.31285832902901,7.51392632247514,8.22876709265618,6.86236668081009,6.48960983884648,7.06215502238351,8.22997462987214,6.59734307688683,5.05762536909381,6.47277886238363,9.71504717588973,8.78811316385092,8.23069835632522,7.90183329705181,8.88797488010697,3.96551724137931,10.337972166998,NA,NA,NA,NA,9.45454545454546,2.91974691974692,6.05587121212121,7.31016560958421,4.3007769145394,6.62062967211763,2.98804780876494,3.37552742616034,3.03639846743295,6.4306141666376,NA,10.3546661383,9.84204658245595,8.82496180831165,8.01717583417467,5.0830889540567,4.38083566760037,NA,NA,NA,2.98076923076923
"162",NA,3.16860465116279,3.17882775119617,6.77640867667822,10.365589686201,11.0691404040843,9.52181642872901,8.69256237989258,10.6091624013289,12.9580451673991,8.15598841426408,7.96394287134988,12.1171205798649,126.732730690693,9.11756260129722,10.8097132551271,13.9175210106687,14.2938321113823,14.1034005050183,12.8595828370169,13.4730126099541,9.41577504799317,10.3386490742697,13.6038343190635,NA,17.2185430463576,NA,3.23529411764706,NA,8.90800320586215,8.70127861414725,11.9691690423398,4.41176470588235,18.8274506042586,10.824683496436,9.25036214389184,13.9993622818714,16.6661138459376,14.0205152483529,14.1615891085477,12.7386592174204,11.2345083496204,12.6028535552152,9.94959677419355,14.2857142857143,13,NA,NA
"163",2.99911809716494,NA,NA,NA,NA,NA,NA,3.38356776845177,NA,NA,3.02013422818792,3.19516407599309,3.30357142857143,11.304347826087,5.02535465631768,3.2653700604143,6.80359969727489,5.75140291806959,6.51887793523653,5.69939432780923,3.16901408450704,2.92307692307692,3.04054054054054,NA,NA,NA,NA,NA,NA,NA,NA,NA,NA,NA,NA,NA,NA,NA,3.13125331808715,2.95081967213115,NA,3.30357142857143,NA,3.15533980582524,3.20760994495191,NA,NA,NA
"164",NA,NA,NA,NA,4.59090909090909,NA,3.54545454545455,8.15340909090909,2.96950240770465,3.68324125230203,NA,NA,9.43230372084743,3.21583178726036,5.29595588235294,10.3379840388532,10.3596857814731,8.49692203281806,6.32501454931362,10.1682600571936,NA,NA,NA,NA,NA,NA,NA,NA,NA,NA,NA,NA,NA,NA,NA,NA,NA,NA,10.4,NA,NA,NA,NA,NA,NA,NA,NA,NA
"165",3.01391035548686,NA,NA,3.06394818463784,4.69380492980546,5.02269729606961,5.0442730015725,5.3455277465,4.72638798438608,6.10594628048556,8.84183936488298,5.62904568371417,5.23503926611281,7.98714115293651,5.29894400450099,5.51146563452382,7.58561696436259,7.95386087919487,5.84854863158659,5.97648263544814,5.82775232876902,4.40290903185605,4.66553557649279,4.42630672165643,NA,NA,NA,NA,2.82442748091603,2.9040735236537,6.14500899280576,8.75622461014284,9.45454545454546,NA,7.85539310862587,3.06278713629403,3.05084745762712,6.73514077163712,4.52465884760965,7.16262192283795,4.14658702426769,5.90512071538771,8.70913125872731,6.09976929190928,4.38124378861103,2.93650793650794,12,2.94561933534743
"166",NA,NA,NA,3.1,2.96762809769227,5.27759445637527,2.65018275744106,3.18816698053986,3.52663271422165,3.06234205714448,NA,4.51567718223036,2.57410408706692,6.46837606837607,2.63417245749749,5.69545858938976,4.58743521225642,3.41433014951259,2.0582601312337,1.60493827160494,4.03337969401947,3.16309326886372,3.39805825242718,NA,NA,NA,NA,NA,NA,3.04255319148936,NA,NA,NA,3.07692307692308,NA,3.12204491725768,3.12016879470306,NA,3.26839863713799,3.20072772782052,NA,3.21437168993741,3.20512820512821,NA,NA,NA,3.0327868852459,NA
"167",2.94117647058824,NA,NA,NA,NA,NA,NA,2.95764562513065,2.85604632566786,NA,NA,2.86118737131091,NA,NA,NA,3.01236588470631,3.14579620714419,NA,NA,NA,2.95698924731183,NA,NA,2.55528255528256,NA,NA,NA,NA,NA,NA,NA,NA,NA,NA,NA,NA,NA,3.08695652173913,3.1547619047619,NA,2.78099652375435,NA,3.03617571059432,2.83333333333333,NA,NA,2.75974025974026,NA
"168",2.69978401727862,2.8099173553719,2.70833333333333,2.83089037131771,2.7253797622183,2.79307388126552,2.81085196536565,2.94849509692533,2.94195411912264,2.86621593691334,2.76310435441811,2.79669259283446,2.74571814906838,2.89997413601355,3.07697499047522,3.22624917285262,4.00738975114116,3.45329511335002,3.12319950690716,2.90195347571401,2.84749704295998,2.70562770562771,2.75498526959908,2.71553151594838,NA,NA,NA,2.75193654606431,2.72237957887,2.79881070257552,3.2553254906344,NA,2.71638192623587,2.78670809820528,2.7678298005859,2.82121006118287,2.73049645390071,2.901164836357,2.64214046822742,2.8505782115972,NA,NA,2.84014092063379,2.90322580645161,2.85714285714286,NA,NA,NA
"169",NA,NA,NA,NA,NA,NA,NA,NA,NA,NA,2.91666666666667,NA,NA,NA,NA,NA,3.14814814814815,NA,NA,NA,NA,NA,NA,NA,NA,NA,NA,NA,NA,NA,NA,NA,NA,NA,NA,NA,NA,NA,NA,NA,NA,NA,NA,NA,NA,NA,NA,NA
"170",NA,2.72727272727273,NA,2.96244450924387,2.82013487033818,2.87802066187496,2.89314886626318,2.92065204856673,2.960958347423,2.90213331741653,3.01125929725011,3.55375420382628,2.97224717609906,2.96597072551356,3.06485402995119,3.16568081376732,3.16781162902593,3.21682977521169,3.05360179841697,3.03350638329555,3.02651899312129,2.88189381324013,2.81183475095622,2.88968238738778,NA,NA,NA,3.46666666666667,2.78207253224032,2.85621639084668,2.88831108303464,2.99574946931828,3.10126936426628,2.79192967310091,2.894654327294,2.93750456435797,2.95130242283722,2.85645980285625,3.07112455302259,3.0807319621518,3.05878636223142,3.04499551356031,2.92038821829025,2.99102024992208,2.77402199606961,NA,2.87037037037037,NA
"171",2.75138043169864,2.72941590429275,2.81488878691121,2.73589593491846,2.77171862282673,2.80497472065625,2.83667143510584,2.83749583067853,2.84332983495651,2.84833508997681,2.81871827815111,2.80109318243909,2.80714709494902,2.87676287292868,2.92773957630841,3.10080149758583,3.11760708899535,3.04077961365479,3.04177792625823,2.83911054745611,2.83087908205294,2.87705210290997,2.96731157667729,2.72919318823555,NA,NA,NA,2.73038133575726,2.75212619207304,2.79122667551222,2.8654408162668,2.78159357830092,2.83479411002558,2.71070630317408,2.73781987237272,2.72449691013032,2.82541177380082,2.86850861142272,2.81239406905177,2.86864572061578,2.88636955287479,2.83637893381785,2.71477948976292,2.81630337395997,2.80503417949206,2.79203182848822,2.70420216575625,2.69607843137255
"172",NA,2.7369826435247,2.69784172661871,2.68981693539939,2.77188521155909,2.75329654048062,2.80368468723205,2.86953512437889,2.81546369472952,2.78847319833117,2.77880004112595,2.88530408790406,2.80489122983152,2.91767462966978,3.07143747978803,3.03152813895415,3.1309595185502,3.160259435528,2.84652477492969,2.83722677855246,2.82614927709266,2.82733556638622,2.74472940301972,NA,NA,2.75787965616046,NA,NA,2.74596952830719,2.84445116481019,2.95302013422819,2.741102488839,2.70580728911904,2.77312605893674,2.78270672409,2.76230705047977,3.2531328320802,2.82546476249908,2.87576432379266,2.79679538445597,2.85636798954599,NA,3.30096287095804,2.79169649248389,2.71812080536913,NA,NA,NA
"173",NA,2.76243093922652,3.64656381486676,2.8232181018054,2.83477994611425,2.8572934052946,2.85915724122834,2.86175858050331,2.89426131801732,2.91133343670863,3.22607577689612,3.24707984073513,3.08226308189752,3.02282785343231,2.98356725164906,3.11131700879012,3.60393773400697,3.55788862702114,3.44482379522786,3.0933454457979,3.61308620334069,3.14297612272964,NA,NA,NA,NA,NA,2.71812080536913,2.79322330246582,2.7128862094951,2.79388257077333,3.10449158168199,2.85692429061361,2.723578563668,3.02158038884809,2.71428571428571,2.70604931528228,2.77183215014266,3.04527059685354,2.84189281198327,2.78511868468064,2.84602156275257,NA,2.97470736204739,NA,2.83128988408497,NA,NA
"174",3.16455696202532,NA,NA,NA,3.39755077658303,2.9578626936284,5.76198570502082,3.51443654384431,3.50947321047851,3.15418777440054,3.39562478008185,3.34762947828274,3.5323357020134,3.19602206470633,3.5711951580063,3.38695466433258,3.60727403236048,4.02270932792647,250,3.72341278587697,3.26704051767436,3.54558549140592,3.24712643678161,3.3305143212391,4.32432432432432,NA,NA,NA,3.23529411764706,3.34394904458599,3.90625,3.55871886120996,2.12550802669129,NA,NA,3.41246290801187,NA,3.203125,1.1756726203934,6.88490346271426,1.62856248042593,3.79310344827586,8.80952380952381,3.22481736255532,3.41647214046483,3.97058823529412,NA,NA
"175",79.1811251345428,36.9406203206558,179.769807214313,110.083637369558,111.087344899311,268.186915210542,208.643915668659,131.299681811128,98.7039745039461,106.45419778965,82.9103663400147,68.7039763252825,102.505604488716,98.6849602502109,108.13633239898,124.237130135868,120.17244829502,108.617974069174,115.573233231423,118.47754509107,87.7632785229237,111.18681645292,93.8933113093062,94.6294526867328,55.933921717526,16.6796427569103,10.6762695023906,455.629403737251,47.4080751603278,286.594789049956,278.697734786779,206.797563712431,115.420666878695,105.117250202628,112.378837527994,85.5118548805415,91.7260175128133,98.2150636819866,111.50428185233,111.328812598163,103.793625880652,128.142753040501,117.557089350859,131.725364296432,73.3177931173707,128.32122926961,64.1386208871328,87.1221655398391
"176",4.36974789915966,3.51685393258427,7.98765432098766,6.54635975524786,6.16660385429652,5.57925660594447,5.79184674362977,6.23306515203565,5.92393771322949,5.8278804168473,6.1054035659892,5.85809653453681,4.4305166176922,5.41232191991512,5.28148982863288,5.80317394454514,6.04473440242262,5.53103411650948,5.2606759570466,5.3613865397177,6.56762394717194,7.37878854690001,8.57941176470588,7.76119402985075,NA,NA,NA,5.93073314913577,5.137703566275,6.85542498734124,5.10431090517625,5.06499988795189,4.32488072156559,4.08555216062855,4.12341766091503,6.08267081653892,4.64616549389864,5.69668052397544,6.38713547711671,4.39632669544012,5.57801975695925,5.29559168454183,5.67573771861138,7.30968638115548,6.20394615526461,7.97546012269939,NA,NA
"177",NA,NA,NA,NA,NA,NA,NA,NA,NA,NA,NA,NA,NA,NA,NA,NA,NA,NA,NA,NA,NA,NA,NA,NA,NA,NA,NA,NA,NA,NA,NA,NA,NA,NA,NA,NA,NA,NA,NA,NA,NA,NA,NA,NA,NA,NA,NA,NA
"178",NA,NA,NA,NA,NA,NA,NA,NA,NA,NA,NA,NA,NA,NA,NA,2.63736263736264,NA,NA,NA,NA,NA,NA,NA,NA,NA,NA,NA,NA,NA,NA,NA,NA,NA,NA,NA,NA,NA,NA,NA,NA,NA,NA,NA,NA,NA,NA,NA,NA
"179",NA,NA,NA,NA,NA,NA,NA,NA,NA,NA,NA,NA,NA,NA,NA,NA,NA,NA,NA,NA,NA,NA,NA,NA,NA,NA,NA,NA,NA,NA,NA,NA,NA,NA,NA,NA,NA,NA,NA,NA,NA,NA,NA,NA,NA,NA,NA,NA
"180",NA,NA,NA,NA,NA,2.65560165975104,NA,NA,NA,NA,NA,NA,NA,NA,NA,NA,NA,NA,NA,NA,NA,NA,NA,NA,NA,NA,NA,NA,NA,NA,NA,NA,NA,NA,NA,NA,3.07368421052632,NA,NA,2.71446332366349,NA,NA,NA,NA,NA,NA,NA,NA
"181",NA,NA,NA,NA,NA,NA,NA,NA,NA,NA,NA,NA,NA,NA,NA,NA,NA,NA,NA,NA,NA,NA,NA,NA,NA,NA,NA,NA,NA,NA,NA,NA,NA,NA,NA,NA,NA,NA,NA,NA,NA,NA,NA,NA,NA,NA,NA,NA
"182",NA,NA,2.58713618397413,NA,NA,NA,NA,NA,NA,NA,NA,NA,NA,NA,NA,NA,NA,NA,NA,NA,NA,NA,NA,NA,NA,NA,NA,NA,NA,NA,NA,NA,NA,NA,NA,NA,NA,NA,NA,NA,NA,NA,NA,NA,NA,NA,NA,NA
"183",NA,NA,NA,NA,NA,NA,NA,NA,NA,NA,NA,NA,NA,NA,NA,NA,NA,NA,NA,NA,NA,NA,NA,NA,NA,NA,NA,NA,NA,NA,NA,NA,NA,NA,NA,NA,NA,NA,NA,NA,NA,NA,NA,NA,NA,NA,NA,NA
"184",NA,NA,NA,NA,NA,NA,NA,NA,2.75471698113208,NA,NA,NA,NA,NA,NA,NA,NA,NA,NA,NA,NA,NA,NA,NA,NA,NA,NA,NA,NA,NA,NA,NA,NA,NA,NA,NA,NA,NA,NA,NA,NA,NA,NA,NA,NA,NA,NA,NA
"185",NA,NA,NA,NA,NA,NA,NA,NA,NA,NA,NA,NA,NA,NA,NA,NA,NA,NA,NA,NA,NA,NA,NA,NA,NA,NA,NA,NA,NA,NA,NA,NA,NA,NA,NA,NA,NA,NA,NA,NA,NA,NA,NA,NA,NA,NA,NA,NA
"186",NA,NA,NA,NA,NA,NA,NA,NA,NA,NA,NA,NA,NA,NA,2.82410917361638,NA,NA,NA,NA,NA,NA,NA,NA,NA,NA,NA,NA,NA,NA,NA,NA,NA,NA,NA,NA,NA,NA,NA,NA,NA,NA,NA,NA,NA,NA,NA,NA,NA
"187",NA,NA,NA,NA,NA,NA,NA,NA,NA,NA,NA,NA,NA,NA,NA,NA,NA,NA,NA,NA,NA,NA,NA,NA,NA,NA,NA,NA,NA,NA,NA,NA,NA,NA,NA,NA,NA,NA,NA,NA,NA,NA,NA,NA,NA,NA,NA,NA
"188",NA,NA,NA,NA,NA,NA,NA,NA,NA,NA,NA,NA,NA,NA,NA,NA,NA,NA,NA,NA,NA,NA,NA,NA,NA,NA,NA,NA,NA,NA,NA,NA,NA,NA,NA,NA,NA,NA,NA,NA,NA,NA,NA,NA,NA,NA,NA,NA
"189",NA,NA,NA,NA,NA,NA,NA,NA,NA,NA,NA,NA,NA,NA,NA,NA,NA,NA,NA,NA,NA,NA,NA,NA,NA,NA,NA,NA,NA,NA,NA,NA,NA,NA,3.03561004086398,NA,NA,NA,NA,NA,NA,NA,NA,NA,NA,NA,NA,NA
"190",NA,NA,NA,NA,NA,NA,NA,NA,NA,NA,NA,NA,NA,NA,NA,NA,NA,NA,NA,NA,NA,NA,NA,NA,NA,NA,NA,NA,NA,2.65522875816993,NA,NA,NA,NA,NA,NA,NA,NA,NA,NA,NA,NA,NA,NA,NA,NA,NA,NA
"191",NA,NA,NA,NA,NA,NA,NA,NA,NA,NA,NA,NA,NA,NA,NA,NA,NA,NA,NA,NA,NA,NA,NA,NA,NA,NA,NA,NA,NA,NA,NA,NA,NA,NA,NA,NA,NA,NA,NA,NA,NA,NA,NA,NA,NA,NA,NA,NA
"192",NA,NA,NA,NA,NA,NA,NA,NA,NA,NA,NA,NA,NA,NA,NA,NA,NA,NA,NA,NA,NA,NA,NA,NA,NA,NA,NA,NA,NA,NA,NA,NA,NA,NA,NA,NA,NA,NA,NA,NA,NA,NA,NA,NA,NA,NA,NA,NA
"193",NA,NA,NA,NA,NA,NA,NA,NA,NA,NA,NA,NA,NA,NA,NA,NA,NA,NA,NA,NA,NA,NA,NA,NA,NA,NA,NA,NA,NA,NA,NA,NA,NA,NA,NA,NA,NA,NA,NA,NA,NA,NA,NA,NA,NA,NA,NA,NA
"194",NA,NA,NA,NA,NA,NA,NA,NA,NA,NA,NA,NA,NA,NA,NA,NA,NA,NA,NA,NA,NA,NA,NA,NA,NA,NA,NA,NA,NA,NA,NA,NA,NA,NA,NA,NA,NA,NA,NA,NA,NA,NA,NA,NA,NA,NA,NA,NA
"195",NA,NA,NA,NA,NA,NA,NA,NA,NA,NA,NA,NA,NA,NA,NA,NA,NA,NA,NA,NA,NA,NA,NA,NA,NA,NA,NA,NA,NA,NA,NA,NA,NA,NA,NA,NA,NA,NA,NA,NA,NA,NA,NA,NA,NA,NA,NA,NA
