"","X1","X2","X3","X4","X5","X6","X7","X8","X9","X10","X11","X12","X13","X14","X15","X16","X17","X18","X19","X20","X21","X22","X23","X24","X25","X26","X27","X28","X29","X30","X31","X32","X33","X34","X35","X36","X37","X38","X39","X40","X41","X42","X43","X44","X45","X46","X47","X48"
"1",2.9039070749736,NA,NA,2.81241121515416,2.84727221637543,2.87116440466748,2.93155389588728,2.99522149157092,3.07062812737413,3.11030090151802,3.01858924784054,3.11388709283584,3.09360490460778,3.14072480357292,3.19304494453748,3.18632048356544,3.48151082119841,3.37130327982162,3.14423530022021,3.03978053766231,2.98524387882116,2.99592564298447,2.9497408619749,2.83656067048794,NA,NA,NA,2.86184576192987,2.84213340905811,2.82467349442036,2.84674279777141,3.64435210888989,2.89592868702954,2.8616723527693,2.89367304778644,2.93711452350337,2.92567790142778,2.93974773420787,2.9690911244094,2.98545934811065,3.01509787511055,2.93729924662897,2.91429459028192,2.8575059927836,2.81407035175879,2.78846153846154,NA,NA
"2",NA,NA,NA,NA,NA,2.60808270676692,NA,NA,NA,NA,NA,NA,NA,NA,NA,NA,NA,NA,NA,NA,NA,NA,NA,NA,NA,NA,NA,NA,NA,NA,NA,NA,NA,NA,NA,NA,NA,NA,NA,NA,NA,NA,NA,NA,NA,NA,NA,NA
"3",NA,NA,NA,NA,NA,NA,2.89598108747045,NA,NA,NA,NA,NA,NA,NA,NA,NA,NA,NA,NA,NA,NA,NA,NA,NA,NA,NA,NA,NA,NA,NA,NA,NA,NA,NA,NA,NA,NA,NA,NA,NA,NA,NA,NA,NA,NA,NA,NA,NA
"4",NA,NA,NA,2.63713080168776,NA,2.82222222222222,NA,NA,NA,NA,NA,NA,NA,NA,NA,NA,NA,NA,NA,NA,NA,NA,NA,NA,NA,NA,NA,NA,NA,NA,NA,NA,2.70545158665582,NA,NA,NA,2.90197764402408,NA,NA,NA,2.65752250321475,3.15888731730316,NA,NA,NA,NA,NA,NA
"5",NA,NA,NA,NA,NA,NA,2.87846481876333,NA,NA,NA,NA,NA,NA,NA,NA,NA,NA,NA,NA,NA,NA,NA,NA,NA,NA,NA,NA,NA,NA,NA,NA,NA,NA,NA,NA,NA,NA,NA,NA,NA,NA,NA,NA,NA,NA,NA,NA,NA
"6",NA,NA,NA,NA,NA,2.77594127571801,NA,2.98850574712644,2.88461538461538,NA,NA,NA,NA,NA,NA,NA,NA,NA,NA,NA,NA,NA,NA,NA,NA,NA,NA,NA,NA,NA,NA,NA,NA,NA,NA,NA,NA,3.37301587301587,NA,NA,NA,NA,NA,NA,NA,NA,NA,NA
"7",NA,NA,NA,NA,NA,NA,NA,NA,NA,NA,2.71975630983464,NA,NA,NA,NA,NA,NA,NA,NA,NA,NA,NA,NA,NA,NA,NA,NA,NA,NA,NA,NA,NA,NA,NA,NA,NA,NA,NA,NA,NA,NA,NA,NA,NA,NA,NA,NA,NA
"8",NA,NA,NA,NA,NA,NA,NA,NA,NA,NA,NA,NA,NA,NA,1.90625,NA,NA,NA,NA,NA,NA,NA,NA,NA,NA,NA,NA,NA,NA,NA,NA,NA,NA,NA,NA,NA,NA,NA,NA,NA,NA,NA,NA,NA,NA,NA,NA,NA
"9",NA,NA,NA,NA,NA,NA,NA,NA,NA,2.82945736434109,2.66826923076923,NA,NA,NA,NA,NA,NA,NA,NA,NA,NA,NA,NA,NA,NA,NA,NA,NA,NA,NA,2.73712737127371,NA,NA,NA,NA,NA,NA,NA,NA,NA,NA,NA,NA,NA,NA,NA,NA,NA
"10",NA,NA,NA,NA,NA,2.6875,NA,NA,NA,NA,NA,NA,NA,NA,NA,NA,NA,NA,NA,NA,NA,NA,NA,NA,NA,NA,NA,NA,NA,NA,NA,NA,NA,NA,NA,NA,NA,NA,NA,NA,NA,NA,NA,NA,NA,NA,NA,NA
"11",NA,NA,NA,NA,NA,NA,NA,NA,NA,NA,NA,NA,NA,NA,NA,NA,NA,NA,NA,NA,NA,NA,NA,NA,NA,NA,NA,NA,NA,NA,NA,NA,NA,NA,NA,NA,NA,NA,NA,NA,NA,NA,NA,NA,NA,NA,NA,NA
"12",NA,NA,NA,NA,NA,2.69230769230769,3.07101727447217,NA,NA,2.75913497390007,NA,NA,NA,2.72417707150965,NA,NA,NA,NA,2.9243119266055,NA,NA,NA,NA,NA,NA,NA,NA,NA,NA,NA,2.67345639719924,NA,NA,NA,NA,NA,2.70108043217287,NA,NA,NA,NA,NA,NA,NA,NA,NA,NA,NA
"13",NA,NA,2.77153558052434,2.71428571428571,NA,2.67857142857143,2.98053924766254,3.45021485031168,3.25256615277558,2.99222315504185,3.91099123398517,2.74159613142664,NA,3.05147058823529,3.82175079735766,3.1212515691106,NA,2.97302780201766,NA,2.86231884057971,NA,NA,NA,NA,NA,NA,NA,2.72413793103448,2.74417002034821,NA,2.74436090225564,NA,NA,2.9041228555617,2.77777777777778,NA,NA,2.98591452463948,2.89331225819115,NA,NA,NA,NA,NA,NA,NA,NA,NA
"14",NA,NA,2.67716535433071,2.78047445402368,2.79460386921838,2.80349252700718,2.909600928184,3.00057807911612,3.00261251443449,3.05204875617577,3.14862387620069,3.03886977844637,3.04911614441781,3.12788363911395,3.29206115865778,3.33204668227258,3.40354705204527,3.24688249258006,3.21308351800083,2.98205303011945,2.95142674682619,2.83333333333333,2.71186440677966,NA,NA,NA,2.85046728971963,2.75,2.77109205037958,2.77930274584395,2.77068018420109,2.80628430033977,2.80850937665627,2.83669666023771,2.92165149265523,2.90356628630425,2.96208692764312,2.87529423792767,2.7980777900593,3.00231782877483,2.98131245664912,3.03109608578813,2.8382651009406,2.93074745971402,2.95956767224059,NA,2.75919732441472,NA
"15",NA,NA,NA,2.68041237113402,2.74509803921569,NA,NA,NA,NA,NA,NA,2.73775216138328,NA,NA,NA,NA,4.07643312101911,NA,NA,NA,NA,NA,NA,NA,NA,NA,NA,NA,2.73566249176005,NA,NA,NA,NA,2.73925104022191,NA,NA,NA,NA,NA,NA,NA,NA,NA,NA,NA,NA,NA,NA
"16",NA,NA,NA,3.105571227191,3.11422413793103,3.03864581465232,3.19288239715556,3.45006382506382,3.39798136209134,2.99382366577764,3.02127659574468,2.89799072642968,3.2591906085882,NA,3.69835680751174,3.47560975609756,NA,NA,NA,NA,NA,NA,NA,2.8030303030303,NA,NA,NA,2.80673616680032,3.00013799620857,3.14606741573034,2.80854430379747,2.85087719298246,3.08324768756423,2.87128712871287,3.19436342067996,NA,NA,3.09160305343511,2.90909090909091,NA,3.29608938547486,NA,NA,NA,2.86624203821656,NA,NA,NA
"17",2.9395738451529,NA,2.74390243902439,2.85216968564057,2.86260501756174,2.87340062489407,3.04933938245635,3.17692869613639,3.37304836951387,3.21012855846101,3.24837163280862,3.354050948948,3.15565151086725,3.09387835500536,3.29827311018689,3.32032166762712,3.3440071908941,3.22539795039966,3.33928827141699,2.93047097236183,3.05168794127718,3.11032161555722,3.14316247470213,2.94948892216248,3.31865079365079,NA,NA,2.9952087785386,2.82932330876685,2.86180185403499,2.84606621409757,2.8844487614097,2.89274820985001,2.90032995748862,2.95444696539287,2.95897814557754,2.99015479959528,3.02169576415514,3.15768117139942,3.22565020624654,3.0799477086681,3.10239274906725,3.09335405558464,3.08995322020295,2.9267267237284,2.97772732032864,NA,3.21557971014493
"18",2.87943723435629,2.8555431131019,2.80843768606757,2.79820648141935,2.80823077276637,2.82009600359177,2.92054356899594,3.00348276179011,3.14170892519994,3.04605479951678,3.04425214817839,3.05303955730681,3.0571657267635,3.10035190844316,3.1482747137331,3.24563230789996,3.43048096879952,3.26481472251107,3.11915231006148,2.90770289537406,2.91605716310025,2.95532106121374,2.84877140559152,-46.875,2.93072824156306,2.82220131702728,NA,2.80192444376712,2.82065721628914,2.81824784141878,2.80885463281903,2.84036976445651,2.83721074179394,2.85223440825969,2.86003054163674,2.90204038136671,2.93134717503084,2.95091699424383,33.1889422709532,3.04946034076007,3.00155278181651,2.93908991246412,2.95908655955239,2.94348558001984,3.02165763766162,NA,2.9337222017285,2.88065843621399
"19",NA,NA,NA,NA,2.71966527196653,2.78394350601809,2.79634907776464,2.98788475675268,3.11095710533995,3.06201550387597,2.8428093645485,NA,2.84499672988882,NA,NA,NA,NA,NA,3.26666666666667,NA,NA,NA,NA,NA,NA,NA,NA,NA,NA,NA,NA,2.94336810730253,2.67022696929239,2.74198723825589,NA,NA,2.84298382889932,NA,NA,NA,NA,2.79310344827586,NA,NA,NA,NA,NA,NA
"20",NA,NA,NA,NA,NA,2.73268976800127,2.88604575763143,2.96052631578947,2.88732394366197,2.81425891181989,2.91823967972602,2.84345047923323,NA,NA,2.81312793034159,NA,4.35374149659864,3.48516218081435,2.89995718567147,NA,NA,NA,NA,3.04295942720764,NA,NA,NA,2.64150943396226,NA,NA,2.63488080301129,2.72244355909695,NA,NA,NA,2.67433987813135,NA,NA,NA,NA,NA,NA,NA,NA,NA,NA,NA,NA
"21",NA,NA,NA,2.78667520819987,2.7725015173166,2.84496172603569,2.78681080966724,3.00713486844715,3.11495779724018,NA,3.09306141584623,3.04814733097067,NA,2.80428886204609,NA,2.99278840047583,3.63708599703832,NA,NA,NA,NA,NA,NA,2.72785622593068,NA,3.20833333333333,NA,2.95275590551181,2.79340494301562,2.80278653237241,2.67295597484277,NA,NA,NA,2.82880235121234,NA,2.86666666666667,NA,2.90812954395241,3.15436241610738,NA,NA,NA,NA,NA,NA,NA,NA
"22",NA,NA,2.71672771672772,2.69082921471719,2.73889227023737,2.80046674445741,3.01461632155907,NA,NA,NA,NA,NA,NA,NA,3.31839441271762,3.06604055453749,NA,NA,NA,NA,NA,NA,NA,NA,NA,NA,NA,NA,NA,NA,NA,NA,NA,NA,NA,NA,NA,NA,NA,NA,NA,NA,NA,NA,NA,NA,NA,NA
"23",NA,NA,NA,NA,NA,NA,NA,NA,2.86036036036036,NA,NA,NA,NA,NA,NA,NA,NA,NA,NA,NA,NA,NA,NA,NA,NA,NA,NA,NA,NA,NA,NA,NA,NA,NA,NA,NA,NA,NA,NA,NA,NA,NA,NA,NA,NA,NA,NA,NA
"24",NA,NA,NA,NA,NA,NA,NA,NA,NA,NA,NA,NA,NA,NA,NA,NA,NA,NA,NA,NA,NA,NA,2.60097919216646,NA,NA,NA,NA,NA,NA,NA,NA,NA,NA,NA,2.74418604651163,NA,NA,NA,NA,NA,NA,NA,2.91884195538681,NA,NA,NA,NA,NA
"25",NA,NA,NA,NA,2.73638983493056,NA,2.95835789480992,NA,NA,NA,NA,3.37719298245614,NA,NA,NA,NA,NA,NA,NA,NA,NA,NA,NA,NA,NA,NA,NA,NA,NA,NA,0.223214285714286,NA,NA,2.79345372460497,NA,NA,NA,NA,NA,NA,NA,NA,NA,NA,NA,NA,NA,NA
"26",NA,NA,NA,NA,NA,NA,3.11877903118779,NA,NA,NA,NA,NA,NA,NA,NA,NA,NA,3.01526717557252,NA,NA,2.69163253364541,NA,NA,NA,NA,NA,NA,NA,NA,NA,NA,NA,NA,NA,NA,NA,NA,NA,NA,NA,NA,NA,NA,NA,NA,NA,NA,NA
"27",NA,NA,NA,2.61299435028249,NA,2.82572392513224,NA,NA,3.23367907260525,2.87413280475719,2.93923381770145,NA,NA,NA,NA,NA,NA,NA,NA,NA,NA,NA,NA,NA,NA,2.91005291005291,NA,NA,NA,NA,NA,2.69744160177976,NA,NA,2.82037239868565,NA,NA,NA,NA,NA,NA,NA,NA,NA,NA,NA,NA,NA
"28",NA,NA,NA,2.79748148332721,2.86201123656312,2.93529396678518,3.18498121178072,3.27436246800521,3.32882252107662,NA,3.07203389830508,2.91666666666667,2.97774869109948,3.08358122763129,3.36065573770492,3.13432835820895,NA,2.95454545454545,3.14512961508248,NA,NA,NA,NA,NA,NA,NA,NA,NA,2.94533225613172,NA,2.95074679943101,2.8980550952074,3.06620209059233,2.92901603659867,2.93663060278207,NA,NA,NA,NA,3.16622334399878,NA,3.23294951284322,NA,NA,NA,NA,NA,NA
"29",NA,NA,NA,2.89252283617475,2.84287087430161,2.90700246753174,3.06957841659394,3.12779124801072,3.37173816975807,3.08203940745195,3.13623813773384,3.33926981300089,3.17540322580645,3.31616269846976,3.19318378988006,3.11944577836812,3.52227011494253,3.25828949027597,NA,NA,NA,NA,NA,NA,NA,NA,NA,NA,2.85544760186145,2.85432429644719,2.78107080729334,2.91559540757831,2.99334726188506,2.9818632765833,3.35644309871114,3.10796714856012,3.22020361054646,3.01695744619249,2.961268827073,3.02061380400421,3.17122438886417,2.94906166219839,2.96739065855253,NA,3.35745073891626,2.87152444870566,NA,NA
"30",NA,NA,NA,2.8711143308746,2.98288378288378,2.86370628571135,3.01816239316239,3.21100917431193,3.19945365109905,3.03211147202012,NA,2.83464566929134,NA,NA,3.10185185185185,3.1981981981982,3.4037558685446,NA,3.28467153284672,NA,NA,NA,NA,NA,NA,NA,NA,NA,NA,NA,NA,NA,NA,NA,2.98558682223747,NA,NA,NA,NA,NA,NA,3.31775700934579,NA,NA,NA,NA,NA,NA
"31",3.17307692307692,NA,NA,2.84936107470511,2.85932373072539,2.84380243495041,3.01000169056985,3.27253488279313,3.27318777472891,3.31732345831634,3.10383055242947,3.26086956521739,3.21967471014328,3.32461954861114,3.1651376146789,3.44616451016636,3.26734419138542,3.20754716981132,3.37891368655361,3.02140355710878,NA,2.80701754385965,NA,NA,NA,NA,NA,2.98268500948767,2.95355731225296,2.87919715142875,2.87355623975932,2.97092784650369,2.93280030461888,2.90561031525427,2.88175109836584,2.99791578220294,2.9721233633161,2.99499248638209,2.93103448275862,3.0064399502881,3.19764286709305,3.37624196253255,2.96762589928058,NA,2.93577981651376,NA,NA,NA
"32",2.81817675247966,2.95497185741088,2.90772235727392,2.83649590824902,2.85024448047963,2.82728997707356,2.94675495429734,3.15390941431567,3.08767127108701,3.1548021686326,3.10233898286829,3.12229434346524,3.03774114460262,3.01583304552484,3.24819900566114,4.72959374573887,3.46020425310868,3.26537447822491,3.19431886241116,2.91707022924646,2.93772031371526,2.87927723307679,2.85144355221353,2.76167045600412,NA,NA,2.7972027972028,2.79418313488732,2.84687924640081,2.87412697520385,2.81794362891255,2.80742466374009,2.832065180162,3.15754697205302,2.90936099138601,2.83596832797515,2.86775563673215,2.99764556063276,2.9663244242721,3.0940742885785,3.51329849925356,3.00978811216623,2.90213773062982,NA,2.86730653784446,2.9937726782387,NA,2.81973816717019
"33",NA,NA,2.89793281653747,2.87364061244582,2.87228429579651,2.91148114553296,2.98762920927252,3.05516482438944,3.22991134849191,3.05305236165899,3.16276070572195,3.02146230962473,3.01016846060968,3.11284326493657,3.39244771724465,3.385853904022,3.176833171756,3.31367228661749,3.11345076025347,3.52718540307014,2.8099173553719,3,3.00047487780583,NA,2.79831045406547,NA,NA,2.8349358974359,2.87583698795167,2.8125,2.91978630590073,2.8735648091799,2.88893692805143,2.94214088659121,2.9677945965668,2.95367537329996,2.94820770028211,3.02293239288327,2.99261202312437,2.92134831460674,3.15825112264314,2.94117647058824,2.98969072164948,2.88753799392097,3.03745224668001,NA,NA,NA
"34",NA,NA,NA,3.0610686897007,2.95453142633287,NA,3.0175983436853,NA,3.08124242284732,3.92332581208225,2.97297297297297,2.99154334038055,3.09278350515464,6.32768361581921,2.86666666666667,3.25248070562293,3.29545454545454,NA,3.31395348837209,NA,NA,2.86030368270667,NA,2.95422149303428,NA,3.45588235294118,NA,3.08876811594203,0.245098039215686,NA,NA,NA,NA,3.02445302445302,2.77777777777778,NA,NA,3.47313237221494,NA,NA,3.06818181818182,2.91208791208791,NA,NA,NA,NA,2.8,NA
"35",3,3.00554908558637,3,2.97441689983938,2.97327138966035,3.01982910349268,3.11356270193334,3.2364670463904,3.31815893628578,3.2984439013546,3.21551154227705,3.29413926793856,3.47232118261689,3.46956574226423,3.53079725961608,3.57453853897486,3.66265596096871,3.74349670481497,3.37549481167836,3.12785328561946,3.23783835308913,3.07370256119841,3.12482050119085,3.30593772455439,NA,3.11259435836313,3.41216216216216,2.9308900547068,3.00888291349123,2.97753306696393,2.95408783761265,2.97652207079016,2.97483737554912,3.06246548770796,3.11800077078926,3.02380436034274,3.21855378195199,3.17395453862006,3.21466292231842,3.25915959715545,3.45070844404966,3.18799260733526,3.20043979187138,3.09633863122775,3.2316187091613,3.15716215011021,2.93017456359102,NA
"36",2.86213016597429,NA,2.83921671935371,2.88571642589254,2.9614217027494,2.85774896826872,3.02698059844548,3.09869002840354,3.3260973844213,3.25979691484374,3.15457413249211,3.2172035480859,3.10077732132691,3.61469066284577,3.30963823107664,3.77279257672052,3.92254220456802,3.1968031968032,3.24318195627078,NA,3.16455696202532,2.85888077858881,NA,3.37677725118483,NA,NA,NA,2.94864416587617,2.84083576521601,2.93146128368714,2.77869381131212,2.87878787878788,2.79411764705882,2.97669928959399,3.20075373937888,2.92553191489362,3.1939672516792,2.9423577941815,2.97305492982152,3.06687565308255,2.98154787513743,3.15533980582524,NA,2.93103448275862,NA,2.85714285714286,3.24675324675325,NA
"37",NA,2.97101449275362,NA,2.97216523009142,2.97700052586291,2.99761631463374,3.07913872705358,3.16679974660567,3.20778295301674,3.26755183558348,3.1865808890297,3.34123297777022,3.2464287709679,3.22279391396094,3.37977386280952,3.56692524130301,3.78893277270203,3.8096795265652,3.1202907825303,3.08442873527741,3.15874294923449,3.0971879390991,2.95081967213115,3.11614730878187,2.90553211439287,NA,NA,2.94439318802137,2.99744897959184,2.95786524279411,3.02808363648677,2.98288665115837,2.96089571750239,3.40291226803691,3.04535320333549,3.06307443437546,3.16786716860692,3.13264423683819,3.07306062281187,3.26757056773955,3.00741102761629,3.04859577949339,2.99631794716064,2.96052631578947,3.06122448979592,3.01204819277108,NA,3.14637482900137
"38",NA,NA,NA,NA,2.87671232876712,3.07933194154488,NA,3.12590577531713,3.8255033557047,3.61533063712485,3.41463414634146,NA,NA,3.4,3.04812834224599,3.48079128440367,3.54430379746835,NA,NA,NA,NA,NA,2.85388127853881,NA,NA,NA,NA,NA,3.14928142362179,2.99516746173723,NA,3.0152581363952,NA,NA,NA,2.88350634371396,2.93466223698782,NA,3.23529411764706,NA,NA,NA,NA,NA,NA,NA,NA,NA
"39",2.75229357798165,NA,2.99344752579111,2.93557695641378,3.022713544907,2.99317601513511,3.10225743877261,3.3409422605648,3.37638537799944,3.2394826768806,3.32263144143619,3.82560717784768,3.0625,NA,3.61526658995013,1042.85873052261,3.01204819277108,NA,3.6577350859454,3.55421686746988,NA,NA,NA,NA,3.10975609756098,NA,NA,2.96969696969697,3.01742300048019,3.00181956402436,3.06119962604925,3.10126582278481,3.09120853449902,3.01408450704225,3.09677419354839,3.11535284164965,3.5480167841026,3.26472155608846,3.04179427130247,3.28083989501312,NA,3.05283558721394,3.01370369816333,3.39976553341149,3.20512820512821,NA,NA,NA
"40",NA,NA,NA,2.78260869565217,2.86885245901639,2.97029702970297,3.03418803418803,2.94871794871795,3.39181286549708,2.84552845528455,NA,NA,NA,2.91051555757438,NA,NA,3.62204724409449,NA,NA,NA,NA,NA,NA,NA,NA,NA,NA,NA,2.76188621241472,2.8229255774166,NA,NA,NA,NA,NA,NA,NA,2.73913043478261,NA,NA,NA,NA,NA,NA,3.29787234042553,NA,NA,NA
"41",NA,NA,NA,NA,NA,NA,NA,NA,2.87490287490288,NA,NA,NA,NA,NA,NA,NA,NA,NA,NA,NA,NA,NA,NA,NA,NA,NA,2.78481012658228,NA,NA,NA,NA,NA,NA,NA,NA,NA,NA,NA,NA,NA,NA,NA,NA,NA,NA,NA,NA,NA
"42",NA,NA,NA,NA,NA,NA,3.01413002678407,NA,3.54477611940298,2.73148148148148,NA,2.67361111111111,NA,NA,2.99743387551361,NA,NA,NA,NA,3.19672131147541,NA,NA,NA,NA,NA,NA,NA,NA,NA,NA,NA,NA,NA,NA,NA,3.22115384615385,NA,NA,NA,NA,NA,NA,NA,NA,NA,NA,NA,NA
"43",NA,NA,NA,NA,2.77777777777778,NA,NA,NA,NA,3.10899780541331,NA,NA,NA,NA,NA,NA,NA,NA,NA,NA,NA,NA,NA,NA,NA,NA,NA,NA,NA,NA,2.74888558692422,NA,NA,NA,NA,NA,NA,3.00884955752212,NA,NA,NA,NA,NA,NA,NA,NA,NA,NA
"44",NA,NA,NA,NA,NA,NA,NA,NA,2.83185840707965,NA,NA,3.08,NA,NA,NA,NA,NA,NA,NA,NA,NA,NA,NA,NA,NA,NA,NA,NA,NA,NA,2.78702163061564,NA,2.86478227654698,NA,NA,NA,NA,NA,NA,NA,NA,NA,NA,NA,NA,NA,NA,NA
"45",NA,NA,NA,NA,2.99222022740874,2.75099096684612,2.7906762642791,NA,NA,3.14641744548287,NA,NA,NA,NA,NA,NA,NA,NA,2.90123456790123,NA,NA,NA,2.67903142709943,NA,NA,NA,NA,NA,NA,NA,NA,NA,NA,NA,NA,NA,NA,NA,NA,NA,NA,NA,NA,NA,NA,NA,NA,NA
"46",NA,3.13333333333333,2.78012566437459,3.03198572259878,2.97613706570513,2.98102567236568,3.09000850590017,3.17158714298466,3.37134462272297,3.25319151073921,3.24830369662049,3.58293084778634,3.2962406828958,3.30970946191088,3.54316504178057,3.59029026158295,3.46265606045752,3.97840782417141,3.69644750366781,3.14832274759165,3.0203812562982,2.9602272707314,3.3238668439477,3.125,2.91905444126074,2.93188798382328,2.90791599353796,3.13151354179513,3.00072267970081,3.09895049646033,2.98430237476585,2.99850792913385,3.13846805665975,3.38709677419355,3.01122549519207,3.07606673915221,3.06312808001831,3.14180832045853,3.06552681758059,3.18833760325696,3.16936552757448,2.96721456890301,3.03693070037379,3.18543799772469,3.00429184549356,NA,2.98588057927315,3.00822561692127
"47",NA,NA,NA,NA,NA,NA,NA,3.38983050847458,NA,NA,NA,NA,2.86206896551724,NA,NA,NA,3.16333118140736,NA,NA,NA,NA,NA,NA,NA,NA,NA,NA,NA,NA,NA,NA,NA,NA,NA,NA,2.85234899328859,NA,3.5031847133758,NA,NA,NA,NA,NA,NA,NA,NA,NA,NA
"48",NA,NA,NA,NA,NA,NA,NA,NA,NA,NA,NA,NA,NA,NA,NA,NA,NA,NA,NA,NA,NA,NA,NA,NA,NA,NA,NA,NA,NA,NA,NA,NA,NA,NA,NA,NA,NA,NA,NA,NA,NA,NA,NA,NA,NA,NA,NA,NA
"49",NA,NA,NA,2.79693486590038,2.83713189342587,NA,2.99421806167401,3.37157940099117,3.13492063492063,3.01369863013699,NA,NA,NA,NA,NA,NA,NA,NA,NA,NA,NA,NA,NA,NA,NA,NA,NA,NA,NA,2.94354838709677,NA,NA,NA,NA,NA,NA,NA,4.82055464926591,NA,NA,NA,NA,NA,NA,NA,NA,NA,NA
"50",NA,NA,NA,NA,NA,2.85714285714286,3.09239940387481,2.97709923664122,NA,NA,NA,NA,NA,NA,NA,NA,NA,NA,NA,NA,NA,NA,NA,NA,NA,NA,NA,NA,NA,NA,NA,NA,NA,NA,NA,NA,NA,NA,NA,NA,NA,NA,NA,NA,NA,NA,NA,NA
"51",NA,NA,NA,NA,2.81734706533512,NA,3.05444686176042,NA,3.02317446372142,3.33669565958499,3.34862385321101,3.2171581769437,3.18296879640084,NA,2.93103448275862,3.30423940149626,NA,3.24561403508772,4.2962356792144,NA,NA,NA,NA,NA,NA,NA,NA,NA,NA,2.875,2.90630885122411,2.93269230769231,2.90606254175936,2.88888888888889,NA,NA,2.96861747243427,NA,3.21667742711379,NA,NA,NA,NA,NA,NA,NA,NA,NA
"52",NA,NA,NA,NA,NA,2.77777777777778,NA,2.91666666666667,NA,NA,NA,NA,NA,NA,NA,NA,NA,3.21180555555556,NA,NA,NA,NA,NA,NA,NA,NA,NA,NA,NA,2.75700934579439,NA,NA,NA,NA,NA,NA,NA,NA,NA,NA,NA,NA,NA,NA,NA,NA,NA,NA
"53",NA,NA,NA,NA,NA,NA,NA,NA,NA,NA,NA,NA,NA,NA,NA,NA,NA,NA,NA,NA,NA,NA,NA,NA,NA,NA,NA,NA,NA,NA,NA,NA,NA,NA,NA,NA,NA,NA,NA,NA,NA,NA,NA,NA,NA,NA,NA,NA
"54",NA,NA,NA,NA,NA,2.72,2.86821705426357,2.75459098497496,NA,NA,NA,NA,NA,NA,NA,NA,NA,NA,NA,NA,NA,NA,NA,NA,NA,NA,NA,NA,NA,NA,NA,NA,NA,NA,NA,NA,NA,NA,NA,NA,NA,NA,NA,NA,NA,NA,NA,NA
"55",NA,NA,NA,NA,NA,NA,2.78260869565217,NA,NA,NA,NA,NA,NA,2.80665711278802,NA,NA,NA,NA,NA,NA,NA,NA,NA,NA,NA,NA,NA,NA,NA,2.86181520850368,NA,NA,2.73865414710485,NA,NA,NA,NA,NA,3.07377049180328,NA,NA,NA,NA,NA,NA,NA,NA,NA
"56",NA,NA,NA,NA,2.92035398230088,NA,NA,NA,NA,NA,NA,NA,NA,NA,2.83993115318417,NA,NA,2.77777777777778,NA,NA,NA,NA,NA,NA,NA,NA,NA,NA,NA,NA,NA,NA,NA,NA,NA,NA,NA,NA,NA,NA,NA,NA,NA,NA,NA,NA,NA,NA
"57",NA,NA,NA,6.62921348314607,NA,NA,2.89772727272727,NA,NA,NA,NA,NA,NA,NA,NA,NA,NA,NA,NA,NA,NA,NA,NA,NA,NA,NA,NA,2.75,2.78670953912111,NA,2.77777777777778,NA,NA,NA,2.82828282828283,NA,NA,NA,NA,NA,NA,NA,NA,NA,NA,NA,NA,NA
"58",NA,NA,NA,NA,NA,NA,2.83893395133256,NA,NA,NA,3.27307299352934,NA,NA,NA,3.06122448979592,3.11764705882353,NA,NA,0.000813008130081301,3.07105104198127,NA,NA,NA,NA,NA,NA,NA,NA,NA,NA,NA,NA,NA,NA,NA,NA,NA,NA,NA,NA,NA,NA,NA,NA,NA,NA,NA,NA
"59",NA,NA,NA,NA,NA,NA,NA,NA,NA,NA,NA,NA,NA,NA,NA,NA,NA,NA,NA,NA,NA,NA,NA,NA,NA,NA,NA,NA,NA,NA,NA,NA,NA,NA,NA,NA,NA,NA,NA,NA,NA,NA,NA,NA,NA,NA,NA,NA
"60",NA,NA,NA,NA,NA,NA,2.69865067466267,2.84313725490196,NA,NA,NA,NA,NA,NA,NA,NA,NA,NA,NA,NA,NA,NA,NA,NA,NA,NA,NA,2.83203125,NA,2.73913043478261,NA,NA,NA,NA,NA,NA,NA,NA,NA,NA,NA,NA,NA,NA,NA,NA,NA,NA
"61",NA,NA,NA,NA,NA,2.91414332035204,2.90487421383648,3.12713546581628,NA,NA,NA,NA,NA,2.96143250688705,NA,3.14414650587971,NA,NA,NA,NA,NA,NA,NA,NA,NA,NA,NA,3.06878306878307,NA,2.9045643153527,2.82051282051282,NA,NA,NA,NA,NA,NA,2.91666666666667,2.96511627906977,NA,3.2329988851728,NA,NA,NA,NA,NA,NA,NA
"62",NA,NA,2.78637770897833,NA,2.83505154639175,NA,NA,20.0896495517522,NA,NA,NA,NA,NA,NA,NA,NA,NA,NA,NA,NA,NA,NA,NA,NA,NA,NA,NA,NA,NA,NA,NA,NA,NA,NA,NA,NA,NA,NA,NA,NA,NA,NA,NA,NA,NA,NA,NA,NA
"63",NA,NA,NA,NA,NA,NA,NA,NA,NA,NA,NA,NA,NA,NA,NA,NA,NA,NA,NA,NA,NA,NA,NA,NA,NA,NA,NA,NA,NA,NA,NA,NA,NA,NA,NA,NA,NA,NA,NA,NA,NA,NA,NA,NA,NA,NA,NA,NA
"64",NA,NA,NA,2.74038461538462,NA,2.81954887218045,2.83132530120482,3.01274623406721,NA,NA,2.96703296703297,NA,2.8804347826087,NA,NA,NA,3.35051546391753,3.46069986808713,3.0379746835443,NA,NA,NA,NA,NA,NA,NA,NA,NA,NA,NA,NA,NA,NA,NA,3.29308452250274,2.89617486338798,NA,NA,3.02056555269923,2.77777777777778,2.90697674418605,NA,NA,NA,NA,NA,3.39123242349049,NA
"65",NA,NA,NA,NA,NA,2.95489891135303,NA,NA,3.60655737704918,NA,NA,NA,NA,NA,NA,NA,NA,NA,NA,NA,2.95180722891566,NA,NA,NA,NA,NA,NA,NA,NA,NA,NA,NA,NA,NA,NA,NA,NA,NA,NA,NA,NA,NA,NA,NA,NA,NA,NA,NA
"66",NA,NA,NA,NA,NA,NA,NA,NA,NA,NA,NA,NA,NA,NA,2.85010555946517,NA,NA,NA,NA,NA,NA,NA,NA,NA,NA,NA,NA,2.78260869565217,NA,NA,NA,NA,NA,NA,NA,NA,NA,NA,NA,NA,NA,NA,NA,NA,NA,NA,NA,NA
"67",NA,NA,NA,2.72020725388601,NA,NA,2.80448717948718,2.8740157480315,NA,2.94520547945206,NA,NA,NA,NA,NA,2.78666036734965,NA,NA,NA,NA,NA,NA,NA,NA,NA,NA,NA,NA,NA,NA,NA,NA,NA,NA,NA,NA,NA,NA,NA,NA,NA,NA,NA,NA,NA,NA,NA,NA
"68",NA,NA,NA,NA,NA,2.79856181104721,NA,NA,2.94117647058824,NA,NA,NA,NA,NA,NA,NA,NA,NA,NA,NA,NA,NA,NA,NA,NA,NA,NA,NA,NA,NA,2.79279279279279,NA,NA,NA,NA,NA,NA,NA,NA,NA,NA,NA,NA,NA,NA,NA,NA,NA
"69",NA,NA,NA,NA,NA,NA,NA,NA,NA,NA,NA,2.86686103012634,NA,NA,NA,NA,NA,NA,NA,NA,NA,NA,NA,NA,NA,NA,NA,NA,NA,NA,NA,NA,NA,NA,NA,NA,NA,NA,NA,NA,NA,NA,NA,NA,NA,NA,NA,NA
"70",NA,NA,NA,NA,NA,NA,2.7455121436114,NA,NA,NA,NA,NA,NA,NA,NA,NA,3.89546351084813,NA,NA,NA,NA,NA,NA,NA,NA,NA,NA,0.00136986301369863,2.89360098657166,NA,NA,NA,NA,NA,NA,NA,NA,NA,NA,NA,NA,NA,NA,NA,NA,NA,NA,NA
"71",NA,NA,NA,NA,2.94117647058824,NA,2.9532967032967,3.21453108897286,3.90243902439024,NA,3.05486284289277,NA,NA,3.36601307189542,3.09090909090909,3.38235294117647,NA,NA,NA,NA,NA,NA,NA,NA,NA,NA,NA,NA,NA,NA,NA,2.96343001261034,2.91073738680466,NA,NA,NA,NA,NA,NA,NA,NA,NA,NA,2.87686996547756,NA,NA,NA,NA
"72",NA,NA,NA,3.04878048780488,2.963659724943,2.95678586840173,NA,NA,3.30504975432512,NA,NA,3.0625,NA,NA,NA,NA,NA,3.16455696202532,NA,NA,NA,NA,NA,NA,NA,NA,NA,NA,NA,NA,NA,NA,NA,NA,NA,NA,NA,NA,NA,NA,NA,NA,NA,NA,NA,NA,NA,NA
"73",NA,NA,NA,NA,2.79411764705882,NA,NA,3.03030303030303,3.07612095933264,NA,NA,NA,2.85087719298246,3.22115384615385,NA,NA,NA,NA,NA,NA,NA,NA,NA,NA,NA,NA,NA,NA,NA,NA,NA,NA,NA,NA,NA,2.9,NA,NA,NA,NA,NA,NA,NA,NA,NA,NA,NA,NA
"74",NA,NA,NA,NA,NA,NA,NA,2.97979797979798,2.86407766990291,NA,NA,NA,NA,NA,2.85269709543568,NA,NA,NA,NA,NA,NA,NA,NA,NA,NA,NA,NA,NA,NA,NA,NA,NA,NA,NA,NA,NA,NA,NA,2.93478260869565,NA,NA,NA,NA,NA,NA,NA,NA,NA
"75",3.53866317169069,NA,2.94871794871795,3.00463350866577,3.04569716874467,2.97446413235887,3.10909103833476,3.22860493144153,3.38413416648711,3.81705238826177,3.03100853422726,2.89855072463768,2.97886449397513,3.2097421710461,3.10856888145012,3.09358898583357,3.11978381096028,2.81240910038664,1.54638047138047,NA,0.00151515151515152,NA,2.85923753665689,NA,NA,NA,NA,2.96522296459758,2.87671232876712,2.93037708658581,3.24149108589951,3.00699300699301,2.8665135877727,NA,NA,NA,NA,2.92307692307692,3,3.02826283364537,3.07228915662651,3.03292894280763,3.16558441558442,NA,NA,NA,2.92825768667643,NA
"76",NA,NA,NA,NA,NA,NA,NA,2.93863439930856,NA,NA,NA,NA,NA,NA,NA,NA,NA,NA,NA,NA,NA,NA,NA,NA,NA,NA,NA,NA,2.82786885245902,NA,NA,NA,NA,NA,NA,NA,NA,NA,NA,NA,NA,NA,NA,NA,NA,NA,NA,NA
"77",NA,NA,NA,NA,NA,2.85714285714286,NA,NA,3.51648351648352,NA,NA,NA,NA,NA,NA,NA,NA,NA,NA,NA,NA,NA,NA,NA,NA,NA,NA,NA,NA,2.93478260869565,NA,NA,3.04123711340206,NA,2.75270758122744,NA,NA,NA,3.67161716171617,NA,NA,NA,NA,NA,NA,NA,NA,NA
"78",NA,NA,NA,NA,NA,NA,NA,2.97131147540984,2.78625954198473,NA,NA,NA,NA,3.26576025150599,2.8169014084507,NA,2.92517006802721,NA,NA,NA,NA,NA,NA,NA,NA,NA,NA,NA,NA,NA,NA,NA,NA,NA,NA,NA,NA,NA,NA,NA,NA,NA,NA,NA,NA,NA,NA,NA
"79",NA,NA,NA,2.94540229885057,2.83307810107198,NA,NA,NA,NA,NA,NA,NA,NA,NA,NA,NA,NA,2.92699724517906,NA,NA,NA,NA,NA,NA,NA,NA,NA,2.82051282051282,NA,NA,NA,NA,2.74760383386581,NA,NA,NA,NA,NA,NA,NA,NA,NA,NA,NA,NA,NA,NA,NA
"80",NA,NA,NA,NA,2.86463599595551,2.83881795840077,NA,NA,NA,NA,NA,3.04123711340206,NA,NA,NA,NA,NA,NA,NA,NA,NA,2.80612244897959,NA,NA,NA,NA,NA,NA,NA,2.86214953271028,NA,NA,2.85087719298246,NA,NA,NA,NA,NA,NA,NA,NA,NA,NA,NA,NA,NA,NA,NA
"81",NA,NA,NA,2.72887323943662,NA,2.90519877675841,NA,2.79383429672447,2.75700934579439,NA,NA,NA,NA,NA,NA,NA,NA,NA,NA,NA,NA,NA,NA,NA,NA,NA,NA,NA,NA,NA,NA,NA,NA,NA,NA,NA,NA,NA,NA,NA,NA,NA,NA,NA,NA,NA,NA,NA
"82",NA,NA,NA,NA,2.82051282051282,NA,NA,NA,NA,2.90322580645161,NA,NA,NA,NA,NA,NA,NA,NA,NA,NA,NA,NA,NA,NA,NA,NA,NA,NA,NA,NA,NA,NA,NA,NA,NA,NA,NA,NA,NA,NA,NA,NA,NA,NA,NA,NA,NA,NA
"83",NA,NA,NA,3.14164004259851,2.80474649406688,NA,7.50507099391481,3.05263157894737,NA,NA,NA,NA,NA,NA,NA,NA,NA,2.81762295081967,NA,NA,NA,NA,NA,NA,NA,NA,NA,NA,NA,NA,2.8894472361809,NA,NA,NA,NA,NA,NA,NA,NA,NA,NA,NA,NA,NA,NA,NA,NA,NA
"84",NA,NA,NA,NA,2.83985102420857,2.89772727272727,2.87804214599795,NA,NA,NA,NA,2.8772378516624,2.93814432989691,2.78766310794781,NA,3.17158802469546,NA,NA,NA,NA,NA,NA,NA,NA,NA,NA,NA,NA,NA,2.97984224364592,2.86885245901639,2.80952380952381,NA,NA,2.93083235638921,NA,NA,NA,NA,NA,NA,NA,NA,NA,NA,NA,NA,NA
"85",NA,NA,NA,NA,NA,NA,3.00724637681159,2.75288092189501,NA,NA,NA,NA,NA,NA,NA,NA,NA,NA,NA,NA,NA,NA,NA,NA,NA,NA,NA,NA,NA,NA,NA,NA,NA,NA,NA,NA,NA,NA,NA,NA,NA,NA,NA,NA,NA,NA,NA,NA
"86",NA,NA,5.79150579150579,2.91867854607991,2.88879526378409,2.93638611886345,2.94604253254999,3.04903267473095,3.17772731988418,2.94547446485758,2.96052631578947,2.8858957830195,NA,3.24813631522897,3.10126582278481,3.16227913686035,3.06861820466272,3.46923757107877,3.06321771470021,2.89772727272727,2.82663316582915,2.89855072463768,3.07692307692308,NA,NA,NA,NA,2.83783783783784,2.79394644935972,NA,2.87160559932686,2.90322580645161,NA,3.34376947040498,3.62953138815208,3.01204819277108,2.87433155080214,NA,2.86709098595519,3.14665236322332,2.97830746061168,2.92014302741359,2.94871794871795,NA,NA,2.84810126582278,NA,NA
"87",NA,NA,NA,NA,NA,NA,NA,NA,NA,NA,NA,NA,NA,3.21428571428571,NA,NA,NA,NA,NA,NA,NA,NA,NA,NA,NA,NA,NA,NA,NA,NA,NA,NA,NA,NA,NA,NA,NA,NA,NA,NA,NA,NA,NA,NA,NA,NA,NA,NA
"88",NA,NA,NA,NA,NA,NA,NA,NA,NA,NA,NA,NA,NA,NA,NA,NA,NA,NA,NA,3.10810810810811,NA,NA,NA,NA,NA,NA,NA,NA,NA,NA,NA,NA,NA,NA,NA,NA,NA,NA,NA,NA,NA,NA,NA,NA,NA,NA,NA,NA
"89",NA,NA,NA,NA,NA,NA,NA,NA,NA,NA,NA,2.89172831203766,NA,NA,NA,NA,NA,NA,NA,2.77777777777778,NA,NA,NA,NA,NA,NA,NA,NA,NA,NA,NA,2.88197621225984,NA,2.73109243697479,NA,NA,NA,NA,NA,NA,NA,NA,NA,NA,NA,NA,NA,NA
"90",NA,NA,NA,2.80640390104522,2.82443848034137,2.86360830233364,3.09708626541251,3.32882163593986,2.92383495216405,3.17710120068611,NA,2.86324786324786,2.9472658506795,NA,2.96349203679986,2.94964028776978,3.10354219143233,3.37533753375338,NA,NA,2.87944420225322,NA,3.20175438596491,NA,NA,3.02879841112214,NA,2.92,2.84354949245777,2.88992941440429,2.82087992640889,2.88342300663914,2.875,3.28406487162878,2.98053419445992,NA,2.98897902327106,NA,2.85106382978723,2.85714285714286,2.94710578842315,2.96643978375562,2.9047619047619,NA,NA,NA,NA,NA
"91",3.06079493236783,NA,2.95535512926817,2.98510892687717,2.99591878589739,3.0034383178972,3.15800300598047,3.36726064309292,3.4493686154297,3.31882936610661,3.18926077998096,3.08273802049594,3.17354085715076,22.1055629465067,3.31776170831105,3.41249179839756,3.64720532298187,3.51568117379563,3.46646725742764,3.28226569574758,2.98412676701396,3.02891521547764,3.13414994408512,3.07941653160454,3.30948121645796,NA,3.21068444840101,3.00342205286136,2.99076039562767,3.00660341636949,2.97506331762509,2.97108183318789,3.00720879511631,3.07150026750952,3.07034400825742,3.05070871715336,3.24027711549402,3.18588788166827,3.17357259538504,3.2091649685518,3.20460436159708,3.46530755819861,3.15342566612787,3.07170079523048,3.16957210776545,NA,3.43980343980344,NA
"92",3.14397101794979,NA,5.20900153395621,3.00315191905045,2.96593177472666,3.02082784228466,3.10314882841419,3.36800571705623,3.37741405239161,3.31065647898432,3.34141801394007,3.27598896036747,3.24003321386231,3.32415508802074,3.36564677937443,3.48839041624767,3.767197669683,3.48585228101596,3.55653361492234,3.11237315711181,3.06818181818182,3.08537450351498,3.19198873415741,2.99145010535415,3.07291666666667,NA,3.01353013530135,2.94673658886121,3.00221867618945,2.99278466436413,3.03409431967786,3.02121732947489,3.06604384710027,3.02758624575588,3.0792647913544,3.16320146450344,3.16120124977273,3.14159774744344,3.26339523340733,3.42355247002723,3.28409664860846,3.13742346863298,4.09683426443203,3.05466237942122,3.05481874447392,NA,NA,2.94444444444444
"93",NA,NA,3.07733585858586,3.0002367971415,3.05607000142734,3.04941999249065,3.18540673008099,3.48120500180073,3.48195497425278,3.3983821640939,3.31063535097231,3.42180610285406,3.34408172582369,3.41845404525629,3.58718244496709,3.77644969901493,3.94766971700517,3.91363929245156,3.83047668891424,3.28239562614563,3.20863526570048,3.16455696202532,NA,NA,3.17073170731707,3.19055634301914,3.09210526315789,3.00221914028756,2.97848681437903,3.03893026371722,3.0501924186006,3.17186468322776,3.13191205157689,3.04279783223239,3.13217258741884,3.18772951341733,3.37018857744206,3.60776389626425,3.3660305193013,3.48383818348148,3.38276080118576,3.38712466742845,3.39878413941266,3.20469354142332,3.0902348578492,3.22784810126582,NA,NA
"94",NA,2.98780487804878,3.0165548880643,3.0216926079008,3.06309050943353,3.08854513751024,3.18730291130119,3.41891413379345,3.4706320213513,3.42255787722093,3.39834282996047,3.47363602346461,3.45401210535142,3.43911954559473,3.55059530060789,3.67740825800198,3.84762828701107,3.9226284274857,3.53541596361638,3.37016041481837,3.33029593058476,3.17725292567195,3.15043091681543,3.24621938180174,NA,NA,3.00524736956916,3.15011096676449,3.07204433107346,3.05909706355951,3.06335780981765,3.14169445118441,3.11832041740222,3.14179425391501,3.26132985974422,3.24553941096712,3.31642401745175,3.38642920946244,3.44303930741501,3.43702881611116,3.35983671123582,3.31073801737999,3.3169763203194,3.34219782411499,3.20957192360788,3.16856878991836,3.26299858293974,NA
"95",NA,3.07692307692308,3.01457434104027,3.03547300354424,3.04334362460758,3.07175186827079,3.13624019086841,3.30884840618448,3.40217002219405,3.31069926090431,3.29339262240325,3.31178044490199,3.26186588731322,3.29279328321271,3.47810898123214,3.47031460132674,3.72842770741762,3.81503411442331,3.49611870327066,3.21383862262087,3.16897874763072,3.08481919254109,2.45689357282752,3.20400762886313,NA,NA,3.02702702702703,3.05308164177096,3.0399281815707,3.05915379971726,3.05694391172984,3.11709240133686,3.10518328880652,3.07703156174422,3.14594151026036,3.13259194969578,3.18486453835562,3.21912142602853,3.26638521724215,3.23887493177347,3.28286954080563,3.1754568923854,3.29785819812433,3.17252382460827,3.34383123805925,3.38028169014085,3.05555555555556,NA
"96",3.04177656009396,2.98511950484717,2.84274813387386,2.98040466122145,2.98873755099143,2.99569058877173,3.04825136326604,3.31274968075633,3.39386751947108,3.28108464370687,3.26097445683855,3.3037831565121,3.31179133660322,3.28123262640419,3.39327854373544,3.52651159060646,3.60565939611667,3.54614940840859,3.29734965790679,3.18782869002838,3.09831564761703,3.04961539571896,3.07855139065708,3.12713941702434,3.02245949179924,2.9982795002603,3.09513471443479,3.0175912424169,3.0138823040565,2.9919899763858,3.00653383037879,3.03180769535469,3.03220780679918,3.03841138900991,3.09587009814701,3.12651694679685,3.20132754429205,3.18794728651543,3.23061746379871,3.26856478694248,3.28772453779458,3.33070211127965,3.16964308728237,3.15318358476363,3.09200951765224,3.03471855417332,3.10524318105504,3.12074793145764
"97",3.1737212966114,2.98895273076332,2.9403591424648,2.93868978292112,2.91216541727382,2.93618338172782,3.01476291891298,3.18216142877331,3.44757471601483,3.40498344332585,3.43172122433973,3.33593947031293,3.35533239049278,3.3861155081063,3.47029351612431,3.77401038477084,3.62296073719437,3.50562080489089,3.27548674047366,3.12028330073471,3.03766254461559,3.10572604512045,3.26117518695858,3.22545143335518,3.27498412571132,3.00832536947156,3.00380470005773,2.99241815318388,2.92844260976586,2.90046403291228,2.89841831910137,2.909271251269,2.93983694954625,2.96828380119689,2.99736615652102,3.05110136679039,3.08748984253755,3.13343362576059,3.14993167514031,3.39084076291084,3.2091191224311,3.21602667374473,3.16987928762324,3.08839792988785,3.05440188941052,3.09331402578584,3.02664698594988,2.92728036696363
"98",3.05806427666389,3.00407103139763,3.02148825593059,2.97672257882404,2.96153365737181,2.97007958297113,3.04468800039148,3.28066022470734,3.38304068666342,3.33174439692374,3.35361729451869,3.37908707056904,3.41452271481613,3.3878849178403,3.4780940134026,3.6345948490136,3.70725653849114,3.59996835306572,3.35794198055651,3.23691211865334,3.10716853772108,3.13888590746199,3.36276818077912,3.14210258054648,3.3758728011864,3.24232144320004,NA,3.0317285415413,2.99539041058729,2.95487747828081,2.97136326274575,2.98409817804753,3.01894932465085,3.04941176166588,3.08052260831508,3.13377484646303,3.17825533729584,3.19249789376121,3.25729599526224,3.27555206764152,3.32248345273618,3.28766024540734,3.20740519376671,3.17349385212918,3.05026816914881,3.03231008493228,3.14652709466268,2.98710941399621
"99",3.38868683978825,3.11124371962978,2.95554964548931,2.9599390636845,2.95191821758736,2.96348284430782,3.05710370339495,3.23687549021356,3.39213797283252,3.47183576674888,3.42824185262704,3.41309751843738,3.40864010970473,3.40210549262144,3.40710354063448,3.55508817498763,3.66402193203677,3.59517702621446,3.38042314941567,3.18545044487266,3.15313000681233,3.29172049013976,3.3014789082185,3.16590250277788,3.15381406776241,3.06223197475646,3.11649675702837,2.98927879353013,2.98185248035957,2.94093692896035,2.94519386554568,2.96928511798956,9.11382629977004,3.03040230782473,3.05747053174304,3.08892068811929,3.14539149694984,3.18487011154022,3.20159701056615,3.24334695161887,3.24117482737969,3.22657625844639,3.20638823324777,3.15126249838625,3.06231086870137,3.33872948030577,3.11750619205179,3.17753551342794
"100",3.13971595284164,3.06774341754957,2.96175580572907,2.92438186728025,2.94634096486658,2.93252880624697,3.00595052744353,3.16455106550578,3.32119789802402,3.33463076894573,3.32706856810842,3.26995206822429,3.3000018895558,3.44647428537933,3.38980901377783,3.46299035157337,3.97555500480738,3.50849405345075,3.76359753592836,3.12287732691341,3.08941599786564,3.12152091198286,3.31443233257377,3.21886260239753,3.20329900281251,3.08800472661178,2.99195923905656,2.93885315317728,2.95001214518084,2.92315478944554,2.91840605818162,2.93467682521856,2.976895066549,2.9829478687154,4.36581625201483,4.12751669297747,3.08145434813922,3.11593061144162,3.13596413748279,3.15196482979352,3.1934061329754,3.16778337132415,3.13281215141858,3.10254136470073,3.07215019504108,3.11843275898891,3.07590634865782,3.09157307524366
"101",3.0677440254155,3.03678187461533,2.98827560536503,2.87359327145703,2.86401275289963,2.86678702526165,2.90048472147214,3.00614978456746,3.0965891021672,3.11426414149543,3.09764702732763,3.05801602168645,3.06614100589657,3.09084612139153,3.15817324567908,3.20080203129797,3.29127072507936,3.34027711563307,3.15939810743119,2.99729911334978,2.991600201395,3.07418488257333,3.24489046519925,3.26847103538345,3.277129359358,3.08539164064949,3.00104029462635,2.880410895981,2.90617087048281,2.87618826133884,2.87056358539028,2.88793184317276,2.89739732812249,2.9095313784854,2.91074901519146,2.92590515054505,2.93760424202289,2.9558347696099,2.96251528577695,3.0163661175794,3.01775906089437,3.01696014391926,2.99391148482475,2.99447016421534,2.96218524588667,3.06326885403083,3.14892469012752,3.24255216459289
"102",3.05343850678329,2.89080840584282,2.88256207086127,2.87266550915285,2.86052723881787,2.86429128414586,3.60743170694667,3.07700647372493,3.1627553956137,3.21429119964707,3.20247373567744,3.05307264951355,3.04672369959173,3.10451934137137,3.21337331263217,3.28121558834192,3.34452427314452,3.35090024230481,3.12371062423877,2.95832773957703,2.94493362436407,3.07372753244735,3.1552457726525,3.16884378123937,3.06319387322159,3.05432932590919,3.23160610308556,2.91392386202322,2.88902003536794,2.86434768238101,2.87146240701839,2.86178380432829,2.88602985599337,2.8917837533827,2.91631232336679,2.90763007075676,2.92223177016819,2.93016789071024,2.95425095820361,2.99870429288735,3.04615591522402,3.02741265919451,3.06420343443093,2.96391633795308,2.93036784261836,2.90545979339374,3.02039131181114,2.88201660148734
"103",3.12396652213513,2.86016949152542,2.90117512577736,2.84748609512,2.85247368446464,2.83829875827375,2.91988869224355,3.07142727397991,3.19059076139659,3.1815814354489,3.24956013405071,3.12624130558888,3.14561708722169,3.20214395118841,3.30536734023925,3.42135020339691,3.56311240822993,3.45256950360259,3.17015172174169,3.00833409793449,2.97684212753009,3.07861075463751,3.12463366351496,3.11602824606949,3.26339077782953,3.12656282836872,2.8074239304507,2.82429132094063,2.84520295152634,2.84342704560461,2.82906534115749,2.84187582159762,2.87744266869988,2.90001660996336,2.93859952696991,2.93415988252494,2.95328700582801,2.97611745141199,2.9879548984585,3.06802405511852,3.062122647317,3.0251443647975,2.98362374927991,2.95625357710917,2.90206162348241,2.91719522857007,2.94588964264729,NA
"104",2.97601554885653,2.96253952487382,2.7352098601515,2.8745011619316,2.86288269872012,2.86177792472559,7.20868385820907,3.05836401672661,3.1404587282211,3.16521509027264,3.18204717294308,3.14646847237505,3.14881983172401,3.22278590620034,3.31830189628094,3.45598715625127,3.55351862736214,3.46229483412005,3.21975136529558,3.05060299382392,3.03539693738594,3.02762016510849,3.08305989442263,3.04971229254735,3.22046501458509,3.05193761729938,3.08617153538964,2.95453654318205,3.1058737879701,2.85981040977424,2.85618481036052,2.86124630153379,2.89942462147407,2.90692755546328,2.94143611477958,2.94386093413758,2.96733848533442,3.01020988482424,3.0643432375561,3.07359908631066,3.10048313381116,3.12332520850004,3.07791129966813,3.12680388113795,3.06288645194862,3.08905530192681,3.25886539757412,3.00393030794165
"105",4.0423364679815,2.71825493835617,2.8303278463027,2.87908952667056,2.89829338233529,2.89790656438771,2.99028767513024,3.12859100441653,3.30686264934841,3.2930427076826,3.32953127641945,3.28803283950854,3.33315576104896,3.36804788535299,3.45889763422985,3.57202093850183,3.62505919635133,3.49202285504529,3.27096989870552,3.15514943537695,3.12055351318378,3.0822850720376,3.45466995440675,3.15943578853694,3.25254544539185,3.16887779917629,2.98660517484476,2.94127711703081,2.91817257521289,2.893505377602,2.87951029066626,2.91063145077146,2.9412225109849,2.95919231607362,2.98044579853317,3.04892291929827,3.07909945595735,3.13377390846861,3.1999958096532,3.20836224364099,3.24127286448025,3.20942131212035,3.17713547435888,3.15162030249717,3.02094899100675,3.10109525289369,3.15127053763941,3.05980656045977
"106",3.15770395562805,2.85361530740161,2.95533407843354,2.85635800539762,2.85376196224294,2.87187014106757,2.93205384834185,3.05622412425555,3.12838761652388,3.15577983739469,3.15444954198812,3.16980494026773,3.17720375527646,3.22947865642744,3.31680684215995,3.44529143663169,3.57129541026137,3.48243272363243,3.23609157532513,18.3020546724336,3.08986327006396,3.08775793865062,3.04383103618466,2.9997937770748,3.03272757742683,3.14359544772442,3.02268038549964,2.89897796610334,2.85251852753481,2.84314817171981,2.84366122704476,2.85567429412686,2.89233257998792,2.94296852054558,2.93899150960371,3.01093953456774,3.107930316596,3.12406903844426,3.16441811809326,3.17994453662543,3.19221154727578,3.19197672444962,3.08873817809923,3.15564468194,3.07359035043332,3.11043731966949,3.02312160238726,3.02389201829895
"107",2.95783769132382,2.76816468423461,2.81690609578914,2.76595010377953,2.77313956013966,2.79079677867578,2.81788039901196,2.90531039251307,2.98211169940785,2.99508906392281,2.96270655768684,2.94003850589687,2.957766978338,3.09449520526662,3.07841859879724,3.18119163452056,3.30939454326427,3.25751445177989,3.05539098287707,2.91095061542789,2.83032489618352,2.91971733898661,3.02278088399957,2.90086533840869,3.08401052427116,2.93964957819598,2.92280987301198,2.79146631896927,2.79615316808313,2.75716743627189,2.76576189843599,2.77885818526366,2.78353788478477,2.81313056024495,2.83090578410565,2.84427333425788,2.85924079191443,2.89136902306789,2.92666879276862,2.94108538780992,2.94060156468767,2.91934512781484,2.91943599994175,2.87647265557756,3.13401568529102,2.8620082205526,2.95513513306353,2.86929391978666
"108",3.44446940042343,2.87730496453901,2.85346856003025,2.80812045879413,2.85734394609648,2.84916920646248,2.88759131173623,2.97310407846032,3.00791572950305,3.08204229782748,3.01512718744905,3.04627785952045,3.07467385631276,3.15497282879626,3.23053563405542,3.45985642340007,3.56297184501763,3.48874196452508,3.27797899995069,3.02904709925195,3.00684442314718,2.95556852634242,2.99223236323411,3.12375391834995,3.14466963673147,2.86693726884576,2.88885520990674,2.84884634704184,2.88284941776367,2.84481735686752,2.81494295609099,2.83801615527648,2.85351587406055,2.86846951714007,2.86819564460682,2.93316645369232,2.93766899336348,2.98230860123691,3.03728738705816,3.09114717629511,3.08206823404482,3.13372495053719,3.09470090790445,3.05103324770501,3.01036399092704,2.91920058292091,2.92322073004733,3.09597523219814
"109",3.10344827586207,2.82318230578207,2.97029702970297,2.83558265853549,2.87468453628173,2.86587442412961,2.91023182121627,2.99079038649125,3.06910437479228,2.96779920273389,3.03091380807279,3.04015123571016,3.06687226303126,3.20083678964499,3.34733073756374,3.40646748325496,3.5020069017346,3.46452860539289,3.15107076382268,2.98714565658634,3.00832330001894,2.87907678032939,2.97314063501685,3.2031311722031,3.0241935483871,3.13131313131313,2.87592427018025,2.8569127186418,2.87798713311646,2.84934604108948,2.85802543697223,2.88398820508212,3.32309248929013,2.93067717695968,2.93420347275342,2.9387337835204,2.93763919734668,2.97785479853639,3.00257479876143,3.00558593368944,3.0796317313472,3.13301206927829,3.09438274099432,3.36043595152558,3.04854295433697,3.03837953091684,NA,NA
"110",3.26177828514484,3.15567675317382,3.01788375910319,2.91188607655624,2.9065542328483,3.11506292966128,3.1951806651961,3.07845765407221,3.12428819791933,3.05299592364865,3.07234529151092,3.11186653357917,3.11221789657861,3.13200883406642,3.21622191089826,3.47952374368349,3.50630073553485,3.49186107552458,3.23859638470921,3.07348113083888,2.99086151034361,3.02060015176783,2.99162415840231,3.07875792046944,3.22062204192022,3.15384615384615,3.0391961453347,2.92305500574333,2.92018019325059,2.91439435294547,2.90837193692981,2.9314138420375,2.95683231344259,2.95979313510259,2.96120482567555,2.99112328244039,3.00102480663685,3.01425749163776,3.03675866590342,3.08561528296667,3.14357190851487,3.11667347211748,3.02246715977413,2.97435222832799,2.98772253686329,2.99858028427877,3.0621882339219,3.10850567800175
"111",2.47473226151351,2.91233000391986,2.93000425024554,2.89732080872882,2.8924002196915,2.89665502777508,2.92626770301988,3.0401269312663,3.09555942903947,2.99391766432181,3.00934527563401,3.08214945178847,3.05222407419141,3.06516205772077,3.14962262547039,3.40592753728504,3.52822791972564,4.068769248599,3.19262451643623,3.00421262476635,2.95757527814178,2.95139869827328,2.99244467906247,3.07739372529214,3.16824513344305,3.01108542439275,2.95330166461932,2.91919029487992,2.90604668443194,2.88670619639785,2.89376679007226,2.94882484068056,3.03134984994581,2.93866196900988,2.95986955903314,3.00206062434478,2.99120096870886,2.99985077648908,3.05267104406627,3.07256396123787,3.10581528711926,3.09970406881126,3.0614534690219,3.01177028156869,2.94288769834647,3.03229466186049,2.97104321883213,2.86146136922008
"112",3.08015524685434,NA,2.84730024380197,2.92208309721509,2.91928902100086,2.92539974724249,2.98244125914688,3.14898376250106,3.17070074911791,3.08915389962216,3.09951221125873,3.15004744656363,3.11417125577591,3.13317194187017,3.19653732774466,3.33558418633782,3.52019193779985,3.46949997833222,3.26380302480283,3.13163376115875,2.97368708253346,2.96113240310951,2.91909973163467,3.04658167128263,3.0569450751051,NA,NA,2.94518520729825,2.90177011554089,2.91381525205844,2.9276674792065,2.9577012977308,2.94394372220724,2.95373147241278,2.9904866987274,3.03943614525554,3.02393967379241,3.0058601084069,3.05701530380935,3.15921532413547,3.08276066792978,3.07208148637346,3.04948847324372,3.03987936486861,2.94998342667636,2.94503926192984,3.59914931064828,NA
"113",2.0038154556155,2.97726702958241,2.97486474615089,2.96069688299257,2.97685216477324,3.01460752266542,3.04249713154332,3.16429195466373,3.17143939066151,3.13952301708818,3.07832288609275,3.09769550514565,3.14287688923394,3.14022342264174,3.14626578666496,29.5740557845613,3.52997642111601,3.51418349186218,3.42870860428119,3.23526634797503,3.29708370772032,3.04808818410992,3.06861506086812,3.11545555946334,3.12920875420875,2.9889894344723,2.99170047871605,2.97710989866491,2.98152087332462,2.97671243662189,2.98181216553653,3.02396054095489,3.00811279631468,3.01734543580301,3.00608875319381,3.02594335373773,3.02523532240841,3.07438891104297,3.14471046680725,3.1312840930803,3.13942311111091,3.14777000960641,3.18743082549146,3.15218829446889,3.20398643740058,3.05149019690995,3.17754671877056,3.00668359521713
"114",NA,2.95454545454545,NA,2.83136011305285,2.81912257800446,2.87816488133705,3.10021533268055,3.4796282269499,3.39725928987638,3.15225320598101,2.90725171038762,3.27992134530004,3.12422337509463,3.03438265686588,3.14895733898833,3.03140559428748,3.30263196658638,3.38573000962006,3.10775883743149,2.92706333973129,2.87037037037037,2.88152402302162,2.82926829268293,NA,NA,NA,NA,2.83505154639175,2.82545200665786,NA,2.91154261353328,2.93264418264418,2.86642699115044,NA,2.89952175029039,2.86532951289398,3.03157959138563,2.95186893903307,3.35989230260277,3.12385219471536,3.09359820198651,3.07583681611355,3.07251612105046,3.01697998787144,3.06599085668853,3.02323717948718,NA,NA
"115",NA,NA,2.90371567675629,2.85075517109497,2.91338438384601,2.90467090688023,3.0369379167615,3.25097146775391,3.26051426282013,3.17404756551385,3.08250968819657,3.1265766488901,3.09879976246261,3.03375945137368,3.2000067802969,3.16930974259651,3.29063960320486,3.529281038264,3.34997003224647,3.08814586068698,2.90736641557641,NA,3.14045696777234,2.91645249171143,2.98507462686567,NA,NA,2.87393286143175,2.9248095681067,2.89493631458381,2.99335475589734,2.99172584724429,2.88263705269575,2.92230427563353,2.95772315600644,2.6596052434481,3.19696742567353,3.22204395493601,3.14012247955691,3.20310905297413,3.22594910958737,3.25168987796395,3.21804268228435,2.78491859468723,2.96613301858199,3.2394013596927,NA,NA
"116",3.14527068965636,3.25678290022111,2.98717108870038,2.91806667780271,2.92432261312416,2.93434962985495,2.98375344172661,3.15479169045359,3.21527940352384,3.1507385223417,3.18499576847741,3.22150921127355,3.21032850523847,3.22463325003381,3.29910068146631,3.84532283103665,3.93602244127076,3.51478979051846,3.23302176383852,3.10464212103838,3.04048080283878,3.11635809704451,3.08306088377743,3.08667493579534,3.69524320043232,3.23170315710841,3.11366493814973,2.95846631399865,2.90999497775993,2.92620851609305,2.93614759630438,2.96502933599238,2.97822069784071,2.99687060526618,3.02317824895948,3.05842383886451,3.0779683394921,3.09862618871347,3.12032663302897,3.16978649861518,3.17193448881803,3.19350234237948,3.10792860214014,3.11007527951768,3.04452539395831,3.07713486043338,3.07456216953287,3.06569343065693
"117",NA,NA,2.88248337028825,2.8655286526027,2.866445316137,2.84922493893401,2.88241120104999,2.98611522164239,3.12511342523958,3.07652084897055,3.10256316564148,3.0459046142437,3.09043554383224,3.08237289691551,3.16603438468875,3.35460259653566,3.46738043064281,3.36797000841622,3.14958131730739,3.02615087982134,2.96411501455104,3.03097593024188,2.90302246904124,NA,NA,NA,NA,2.84824665067192,2.89416604195946,2.86797068349073,2.84401401493768,2.87742940694827,2.89711421497916,3.22302997115499,2.88209987333279,2.92603166877351,2.89941829009885,2.93538167990297,2.99074823675378,2.96494117464002,2.99008065862437,2.97968288606603,2.9588978506333,3.05450038905988,2.98641320370138,2.86928799149841,NA,2.81620553359684
"118",NA,NA,2.9608938547486,2.93157152785038,2.96178172244754,2.99537238607313,3.0079480568918,3.22166712105378,3.33017466435396,3.29181415769334,3.26010152115535,3.29441556433745,3.34118890132918,3.33588530410799,3.44026042117554,3.50431482654906,3.5614865117718,3.60895938750605,3.4070272707628,3.20875953350711,3.28231139699094,3.09428687852386,3.26218637819828,2.92763157894737,NA,5,3.06451612903226,2.93610171971176,2.95154433798965,2.92963478428239,2.95556829681323,2.98383392798752,2.99088242145381,3.03458920141718,3.05423313910866,3.09265142046749,3.14092895328243,3.16616054140849,3.19830544430825,3.30630456411243,3.26586584117023,3.21463855318823,3.1965975632847,3.10325817331195,3.23692871197793,3.02943120645776,3.11593010568436,3.0713640469738
"119",NA,NA,NA,NA,2.97699594046008,NA,3.14063286889374,NA,NA,2.87239939998696,NA,NA,NA,NA,3.02846907659058,NA,3.08219178082192,NA,NA,NA,NA,NA,NA,NA,NA,NA,NA,NA,NA,NA,NA,NA,NA,NA,NA,3.09405940594059,NA,NA,NA,NA,NA,NA,NA,NA,NA,NA,NA,NA
"120",NA,NA,NA,NA,2.75229357798165,NA,NA,3.19324768917437,3.12796208530806,NA,NA,NA,NA,NA,NA,3.30802603036876,NA,NA,NA,NA,NA,NA,NA,NA,NA,NA,NA,NA,NA,2.76923076923077,NA,NA,NA,NA,NA,NA,NA,NA,NA,NA,NA,NA,NA,NA,NA,NA,NA,NA
"121",NA,NA,NA,NA,NA,NA,3.59866828087167,NA,NA,2.92,NA,NA,NA,NA,NA,3.05363910973545,2.87037037037037,2.86227725762609,2.88288288288288,NA,NA,NA,2.84900284900285,NA,NA,NA,NA,2.76422764227642,NA,NA,NA,3.74531835205993,NA,2.7906976744186,NA,NA,NA,NA,NA,3.05555555555556,2.91750503018109,NA,NA,NA,NA,NA,NA,NA
"122",2.77117973079968,NA,NA,NA,NA,NA,NA,NA,NA,NA,NA,NA,NA,2.77366863905325,NA,NA,NA,NA,NA,NA,NA,NA,NA,NA,NA,NA,NA,NA,NA,NA,NA,NA,NA,NA,NA,NA,NA,NA,NA,NA,NA,NA,NA,NA,NA,NA,NA,NA
"123",NA,NA,NA,NA,NA,2.87307775611869,NA,NA,NA,3.32456427015251,NA,NA,NA,NA,3.2183908045977,NA,NA,NA,NA,NA,NA,NA,NA,NA,NA,NA,NA,2.8125,NA,2.93159609120521,NA,NA,NA,NA,2.90123456790123,NA,NA,NA,NA,2.73019271948608,NA,NA,3.30882352941176,NA,NA,NA,NA,NA
"124",NA,NA,NA,NA,NA,NA,NA,NA,NA,NA,NA,NA,NA,NA,NA,NA,NA,NA,NA,NA,NA,NA,NA,NA,NA,NA,NA,NA,NA,NA,NA,NA,NA,NA,NA,NA,NA,NA,NA,NA,NA,NA,NA,NA,NA,NA,NA,NA
"125",NA,NA,NA,NA,2.77324632952692,NA,NA,NA,3.36842105263158,NA,NA,NA,NA,NA,NA,NA,NA,NA,NA,NA,NA,NA,NA,NA,NA,NA,NA,NA,NA,NA,NA,NA,NA,NA,NA,NA,NA,NA,NA,NA,NA,NA,NA,NA,NA,NA,NA,NA
"126",NA,NA,NA,NA,NA,NA,NA,NA,2.68361581920904,NA,NA,NA,NA,NA,NA,NA,NA,NA,NA,NA,NA,NA,NA,NA,NA,NA,NA,NA,NA,NA,NA,NA,NA,NA,NA,NA,NA,NA,NA,NA,NA,NA,NA,NA,NA,NA,NA,NA
"127",NA,NA,NA,NA,NA,NA,NA,NA,NA,NA,NA,NA,NA,NA,NA,NA,NA,NA,NA,NA,NA,NA,NA,NA,NA,NA,NA,NA,NA,NA,NA,NA,NA,NA,NA,NA,NA,NA,NA,NA,NA,NA,NA,NA,NA,NA,NA,NA
"128",NA,NA,NA,NA,NA,NA,NA,NA,NA,NA,NA,NA,NA,NA,NA,NA,NA,NA,NA,NA,NA,NA,NA,NA,NA,NA,NA,NA,NA,NA,NA,NA,NA,NA,NA,NA,NA,NA,NA,NA,NA,NA,NA,NA,NA,NA,NA,NA
"129",NA,NA,NA,3.15591929804764,3.08994468793535,3.05727919526494,3.06875620689018,3.201501582687,3.30344488790713,3.288058061653,3.26124791730709,3.21590909090909,3.02457466918715,3.35825258538544,3.07244549097573,3.06128689120689,3.12965722801788,3.36615403850963,3,2.96904785516732,3.09776173324872,2.98353909465021,NA,NA,NA,3.13725490196078,NA,NA,NA,3.09535314707719,3.08254237205867,3.15535556141839,3.09917952288002,3.02547770700637,3.35010778287081,3.09038988967151,3.19767441860465,3.02360495944567,3.2,3.19634703196347,3.09917355371901,3.51275373231048,3.54089834515366,3.24074074074074,3.125,NA,NA,NA
"130",3.17307692307692,3.11973018549747,NA,3.25121499678866,3.01916084202377,3.25134422102109,3.14765530240916,3.18277952206524,3.14544702769597,3.06053025565221,NA,3.27868852459016,NA,3.125,3.29402456953477,3.4375,3.33309322516518,3.13953488372093,NA,3.22251941622068,NA,3.91949152542373,NA,3.3195020746888,NA,NA,NA,3.11284046692607,3.12674602703869,3.07112865877897,3.5323275862069,3.22800238284164,3.15025845230773,3.18725099601594,3.43053173241852,2.83400809716599,NA,NA,3.46420323325635,NA,NA,3.02521008403361,NA,NA,NA,NA,NA,3.23809523809524
"131",NA,NA,NA,2.94392523364486,NA,NA,NA,NA,NA,NA,NA,NA,3.27963176064442,NA,NA,NA,NA,3,NA,NA,NA,NA,NA,NA,NA,NA,NA,NA,NA,NA,NA,NA,NA,NA,NA,NA,NA,NA,NA,NA,NA,NA,NA,NA,NA,NA,NA,NA
"132",NA,NA,NA,NA,2.87128712871287,2.96465222348917,3.07618626584144,NA,2.91428571428571,2.89855072463768,2.8999064546305,NA,NA,2.94677871148459,NA,NA,NA,NA,3.53606789250354,NA,NA,NA,NA,NA,NA,NA,NA,NA,NA,3.06818181818182,NA,NA,NA,NA,3.6,NA,NA,NA,NA,NA,NA,NA,NA,NA,NA,NA,NA,NA
"133",NA,NA,NA,NA,2.82608695652174,3.06451612903226,NA,3.15258511979823,3.03571428571429,2.97101449275362,2.75186567164179,NA,NA,NA,NA,NA,NA,NA,NA,NA,NA,NA,NA,NA,NA,NA,NA,NA,NA,NA,NA,NA,NA,3.20224719101124,NA,NA,NA,NA,NA,3.38983050847458,3.3,NA,NA,NA,NA,NA,NA,NA
"134",3.46229746572497,NA,3.78378378378378,3.25757575757576,3.33448962266913,3.56482857897491,3.43438301510402,4.19084511169958,3.94122859976053,3.38576555340032,3.84680529497603,3.44982549520841,3.5178935655053,3.94195987000141,4.08720576836254,3.87513703892337,3.71388888888889,3.76836009532393,3.54330708661417,3.42070250186407,3.59979101358412,3.54738664730968,3.42857142857143,3.40382678751259,NA,NA,NA,NA,5.03149933034659,3.28759398496241,3.11750599520384,3.16326530612245,NA,NA,3.40607412283022,3.41098179866296,NA,3.79741280786534,3.79310344827586,3.47011556518599,NA,3.6,3.33333333333333,NA,NA,3.64864864864865,NA,3.39943342776204
"135",NA,NA,NA,NA,NA,NA,NA,NA,NA,NA,3.17460317460317,3.9409518213866,NA,NA,3.38709677419355,NA,3.29734219269103,NA,NA,NA,NA,3.16964285714286,NA,NA,3.54166666666667,NA,NA,NA,NA,NA,NA,3.58823529411765,NA,NA,NA,NA,NA,NA,NA,NA,NA,NA,NA,NA,NA,NA,NA,NA
"136",4.97237569060773,3.7536568576837,4.32692307692308,3.73480362131613,3.32175165455773,3.60330969267139,3.59564011829449,4.18909925704715,5,3.11111111111111,3.39343159214298,NA,3.55552993145593,3.18181818181818,NA,4.40860215053763,3.2994923857868,NA,3.23624595469256,3.23537981626217,NA,NA,4,3.13813025210084,4.5,NA,NA,3.96141091347603,4.6943231441048,4.26896551724138,3.7726897689769,3.45397350993377,NA,NA,3.75,3.29566854990584,4.15086415086415,NA,NA,NA,NA,NA,NA,3.22222222222222,NA,NA,NA,NA
"137",4.88095238095238,4.99468791500664,4.51293213315854,4.47421434327156,4.08600517949833,4.33872696468079,4.89130434782609,4.61538461538461,6.4957264957265,NA,4.74860335195531,5,NA,5,4.3459595959596,5.67204301075269,5.91981132075472,5.18518518518519,NA,4.93571896495251,NA,3.42857142857143,6.06060606060606,3.95833333333333,NA,4.87781036168133,4.56521739130435,NA,4.3464423376553,3.98861054618077,4.44697632396777,4.21875,3.65079365079365,5.65972222222222,NA,4.62030614685482,NA,NA,5.18978102189781,5.93434343434343,4.10714285714286,NA,NA,NA,NA,5.44444444444444,4.16525438091042,4.17328042328042
"138",7.89839380113498,6.47459748007219,5.44973544973545,4.91583422842821,11.8727449751022,13.8469359365007,14.6817701954916,5.60587002493165,5.6287004992943,5.27542402473939,13.4814588824663,5.95638951111856,13.9103366354706,10.4899515992789,45.4662563449927,18.6783633768615,51.594520453379,26.5231858731222,10.5432179517507,7.38128519634666,8.85389209709805,18.1628032740901,19.9293648036939,28.7749892402351,12.1533064854918,6.23441309648206,NA,5.45237171939041,23.3499833218223,4.6004975016236,5.62710148012635,4.78466631240943,17.1743176560634,4.90577058612858,11.3130696363584,4.8185133294125,5.3066444225993,9.5776524893739,5.54264276200033,4.69952309313833,6.08141555300973,6.90802560844934,5.10035244360902,25.0503942855788,10.2639553429027,5.29469926209057,11.5785310734463,8.22916371981463
"139",4.94152025390729,6.6540190015122,4.50102688749565,10.4300547383249,7.04721327280979,4.69075562263697,6.18492623220433,6.14112882093128,9.58920407015921,7.9830655405867,9.46511387265748,39.6922447333078,15.0069705065468,11.9067281443991,8.36638300675406,14.3200546487347,77.1253170819745,6.41451633272113,21.4474086014702,31.8559087866253,30.4042070067825,230.513760811251,4.78722338872509,6.23915352254898,5.07543443946572,4.22933284757988,4.52000064156875,4.13335627026685,4.92299234228262,7.06956072907717,4.11022990279449,3.92528873317344,4.25030729717848,3.79691900100599,5.69959629760248,10.0485777138144,5.37383095285937,4.62779197560875,5.06473748461393,4.41151668525567,7.32866191435327,16.4308114605725,5.0012441500189,4.70708229724966,26.4142572056839,4.93151037561325,6.88069069613838,7.83967878820682
"140",4.19948322516437,4.3261594713885,3.93806906955444,3.50183596546307,3.6261256913107,3.47423928039682,3.49402633779341,3.60609288274564,3.66123871673904,3.70189032934846,3.44320760047365,3.59920162530702,3.78285687509266,3.46777934522777,3.80974779549065,3.81141756511845,4.06005095077232,3.95793733475732,3.5977128801735,3.92494971659582,3.22966507177034,3.54838709677419,NA,3.2398734567197,NA,4.27387914230019,3.91057762390671,3.99627381897576,3.56113152262215,3.41421915247259,3.66374382050931,3.74418992731214,3.4718481119906,3.48802849990191,3.78589438141663,3.64123698980212,3.8022626379565,4.26933457940361,3.97235146780145,4.00687403993856,3.36879432624113,3.5217381747846,3.47043701799486,4.18962474387161,3.84615384615385,NA,NA,3.92623366685797
"141",NA,NA,NA,3,3.07727652464495,2.83203125,3.08148677770602,3.42236800332142,NA,NA,NA,4.58333333333333,NA,3.03030303030303,NA,3.34733358788342,NA,NA,NA,NA,NA,NA,NA,NA,NA,NA,NA,3.5140562248996,NA,NA,NA,NA,NA,NA,NA,NA,3.45238095238095,NA,NA,NA,NA,NA,NA,NA,NA,NA,NA,NA
"142",3.26366296403452,3.6423550096693,3.37496655408184,3.1585401989572,3.27889836433926,3.24454507875538,3.39143376864319,3.37798053782965,3.3397204869253,3.31172143388244,3.40311739091278,3.43620285138609,3.38267089859249,3.45917814946274,3.47708738866002,3.5109724414679,3.76185067711342,3.73149268804374,3.51842164750745,3.27029060522938,3.47937707634465,3.26037812834717,3.23188121785412,3.36513543021972,3.49686780639184,3.20876424409426,3.47313165706303,3.23502733314232,3.24227544981327,3.2254179605099,3.23302346392282,3.29080380490149,3.42667883386503,3.26963582077366,3.28590881185164,3.2753682903525,3.30823569186182,3.36203918740383,3.25584350035344,3.4134261960861,3.21596141911239,3.41927907169921,3.30189645979852,3.27964392481288,3.1140793309994,3.07589285714286,3.26923076923077,3.54202961672474
"143",NA,NA,NA,NA,NA,NA,NA,NA,NA,NA,NA,NA,NA,NA,2.78846153846154,NA,NA,NA,2.76073619631902,NA,NA,NA,NA,NA,NA,NA,NA,NA,NA,NA,NA,NA,NA,NA,NA,NA,NA,NA,NA,NA,NA,NA,NA,NA,NA,NA,NA,NA
"144",NA,NA,NA,NA,2.83868501529052,2.73132664437012,2.92604260426043,NA,NA,NA,2.72727272727273,NA,NA,NA,NA,NA,NA,NA,NA,NA,NA,NA,NA,NA,NA,NA,NA,NA,NA,NA,NA,NA,NA,NA,NA,NA,NA,NA,NA,NA,2.83018867924528,NA,NA,NA,NA,NA,NA,NA
"145",3.09917355371901,NA,NA,NA,2.95316092900416,2.92660908602938,2.98560338506586,3.11629369699559,2.99085850556439,3.12727690531437,3.32397421704817,2.95031055900621,2.92155809524974,NA,2.890625,4.30863821635615,3.04354855245621,2.94322971205893,NA,2.96610169491525,NA,NA,NA,NA,NA,NA,NA,NA,2.94230769230769,2.97175990501206,2.99883378075078,2.95683775314039,2.9640526372098,2.92207792207792,3.32446808510638,2.90322580645161,2.89256198347107,NA,NA,2.74390243902439,2.91044776119403,NA,NA,NA,0.411184210526316,NA,NA,NA
"146",3.01810865191147,3,NA,NA,2.96108291032149,NA,3.11871227364185,3.28949247762331,3.45477226407018,NA,NA,2.93609671848014,2.96474358974359,3.58086528905034,NA,3.48717304875497,3.80952380952381,NA,NA,NA,NA,5,NA,NA,NA,NA,NA,2.93103448275862,2.9980593432409,NA,NA,3.81172839506173,2.97504798464491,2.96610169491525,NA,NA,3.18181818181818,NA,NA,NA,NA,NA,3.1201248049922,NA,NA,NA,2.95315682281059,NA
"147",NA,NA,NA,NA,NA,3.13559322033898,NA,NA,NA,NA,NA,2.82894736842105,NA,NA,NA,NA,NA,3.01204819277108,3.09734513274336,NA,NA,NA,NA,NA,NA,NA,NA,NA,NA,NA,2.93367346938776,NA,NA,NA,NA,NA,NA,NA,NA,NA,NA,NA,NA,NA,NA,NA,NA,NA
"148",NA,NA,NA,NA,NA,NA,NA,3.02469135802469,NA,NA,NA,2.88825757575758,3.05738476011289,NA,NA,NA,NA,NA,NA,NA,NA,NA,NA,NA,NA,NA,NA,NA,NA,NA,NA,NA,NA,2.79356060606061,NA,NA,NA,NA,NA,NA,NA,NA,NA,NA,NA,NA,NA,NA
"149",NA,NA,NA,NA,NA,NA,NA,NA,NA,NA,NA,NA,NA,NA,NA,NA,NA,NA,NA,NA,NA,NA,NA,NA,NA,NA,NA,NA,NA,NA,NA,NA,NA,NA,NA,NA,NA,NA,NA,NA,NA,NA,NA,NA,NA,NA,NA,NA
"150",NA,NA,NA,NA,2.70736451442407,2.71330844891658,2.71107668474051,NA,NA,NA,NA,NA,2.81818181818182,2.73224043715847,NA,NA,2.79527559055118,NA,NA,NA,NA,NA,NA,NA,NA,NA,NA,NA,NA,NA,NA,NA,NA,NA,NA,NA,NA,NA,NA,NA,NA,NA,NA,NA,NA,NA,NA,NA
"151",NA,NA,NA,NA,NA,NA,NA,NA,NA,NA,NA,NA,NA,NA,NA,NA,NA,NA,NA,NA,NA,NA,NA,NA,NA,NA,NA,NA,NA,NA,NA,NA,NA,NA,NA,NA,NA,NA,NA,NA,NA,NA,NA,NA,NA,NA,NA,NA
"152",NA,NA,NA,NA,NA,NA,NA,NA,NA,NA,NA,NA,NA,2.63005780346821,2.71966527196653,NA,NA,NA,NA,NA,NA,NA,NA,NA,NA,NA,NA,NA,NA,NA,NA,NA,NA,NA,NA,NA,NA,NA,NA,NA,NA,NA,NA,NA,NA,NA,NA,NA
"153",NA,NA,NA,NA,NA,NA,NA,NA,NA,NA,2.94444444444444,NA,NA,NA,NA,NA,NA,NA,NA,NA,NA,NA,NA,NA,NA,NA,NA,NA,NA,NA,NA,NA,NA,NA,NA,NA,NA,NA,NA,NA,NA,NA,NA,NA,NA,NA,NA,NA
"154",NA,NA,NA,NA,NA,NA,NA,3.11203319502075,NA,NA,NA,NA,3.04955527318933,NA,NA,NA,NA,NA,NA,NA,NA,NA,NA,NA,NA,NA,NA,NA,NA,NA,NA,NA,NA,NA,NA,NA,NA,NA,NA,NA,NA,NA,NA,NA,NA,NA,NA,NA
"155",NA,NA,NA,NA,NA,2.98387096774194,NA,3.45528455284553,3.20069204152249,NA,NA,NA,NA,NA,NA,NA,NA,NA,NA,NA,NA,NA,NA,NA,NA,NA,NA,NA,NA,NA,NA,NA,NA,NA,NA,NA,NA,NA,NA,NA,NA,2.95081967213115,NA,NA,NA,NA,NA,NA
"156",NA,NA,NA,NA,NA,NA,NA,NA,3.66987179487179,NA,NA,NA,NA,3.24803149606299,NA,NA,NA,NA,NA,NA,NA,NA,NA,NA,NA,NA,NA,NA,3.16091954022989,NA,NA,NA,NA,NA,NA,NA,NA,NA,NA,NA,NA,NA,NA,NA,NA,NA,NA,NA
"157",3.38997695852535,3.64638767082464,3.51851851851852,3.44165029928919,4.22543744250512,3.18072388099726,4.65975998795373,3.476234384263,3.59779781561298,3.39370487918911,3.44879158342743,3.47759855411384,5.08895553835569,3.28639237257684,3.65707440606725,3.61515251789444,3.60344376522383,4.72962801874074,3.53048332874327,6.84997011356844,3.48359008585804,3.83675053618874,3.33333333333333,3.50464725321755,3.78548895899054,4.03846153846154,NA,3.25462649221791,3.34210738352738,3.47383040990942,3.53406014053135,3.27720584748712,3.50003031270059,3.37836270871985,3.55153727178873,3.27519725696229,6.44707955137166,4.61302373028596,3.29268292682927,3.6887933745124,4.92742667280926,3.25125608144476,3.33333333333333,NA,3.69007308059857,3.25,3.34316037735849,NA
"158",NA,NA,NA,NA,2.83300198807157,2.96934865900383,3.0188679245283,NA,NA,NA,NA,NA,3.47043701799486,3.21782178217822,NA,7,NA,NA,NA,NA,NA,NA,NA,NA,NA,NA,NA,3.31050228310502,3.29087048832272,NA,NA,NA,3.31325301204819,3.22222222222222,NA,NA,NA,3.25202962540949,NA,NA,NA,NA,NA,NA,NA,NA,NA,3.04347826086956
"159",NA,NA,3.27102803738318,NA,NA,NA,3.32618025751073,NA,NA,NA,3.66197183098592,3.24881141045959,NA,NA,NA,NA,NA,NA,NA,NA,NA,NA,NA,NA,NA,NA,NA,3.28798185941043,NA,NA,NA,NA,NA,NA,NA,NA,NA,NA,NA,NA,NA,NA,NA,NA,NA,NA,NA,NA
"160",NA,NA,NA,NA,2.80499456532986,NA,NA,NA,NA,NA,NA,NA,NA,NA,NA,NA,NA,NA,NA,NA,NA,NA,NA,NA,NA,NA,NA,NA,3.21456235476375,NA,NA,NA,NA,NA,NA,NA,NA,NA,NA,NA,NA,NA,NA,NA,NA,NA,NA,NA
"161",NA,2.94511378848728,NA,NA,2.8768115942029,3.00194817845315,NA,2.95081967213115,NA,NA,NA,3.63715829082242,NA,3.22465738983766,2.05012426219323,3.16532860880982,3.14855283088298,NA,NA,NA,NA,NA,NA,NA,NA,NA,NA,3.01109350237718,NA,NA,NA,NA,NA,NA,2.99837925445705,NA,NA,2.84431137724551,NA,2.96052631578947,NA,2.90697674418605,NA,NA,NA,NA,NA,NA
"162",NA,NA,2.8735632183908,2.85888077858881,2.76270546195043,NA,3.06818181818182,3.04017372421281,3.34900117508813,3.13463526978755,3.45050032282944,2.93764988009592,2.98816568047337,NA,2.98087739032621,NA,NA,3.1,2.93298259835908,2.91576673866091,2.82826154110642,NA,NA,NA,NA,NA,NA,NA,NA,NA,NA,2.87413990825688,3.20874391210783,NA,3.3477493380406,NA,NA,NA,NA,NA,NA,NA,NA,NA,NA,NA,NA,NA
"163",NA,NA,NA,NA,NA,NA,NA,NA,NA,NA,NA,NA,NA,NA,NA,NA,3.02049622437972,3.21428571428571,NA,NA,NA,NA,NA,NA,NA,NA,NA,NA,NA,NA,NA,NA,NA,NA,NA,NA,NA,NA,3.10526315789474,NA,NA,NA,NA,NA,NA,NA,NA,NA
"164",NA,NA,NA,NA,NA,NA,NA,NA,NA,NA,NA,NA,NA,NA,3.69942196531792,NA,NA,NA,NA,NA,NA,NA,NA,NA,NA,NA,NA,NA,NA,2.72651006711409,NA,NA,NA,NA,NA,NA,NA,NA,NA,NA,NA,NA,NA,NA,NA,NA,NA,NA
"165",NA,NA,NA,3.17965023847377,NA,2.90197050998783,3.00846300846301,3.01256140128146,3.15384615384615,3.02127285513361,3.13745019920319,3.01369863013699,3.00537677553968,2.88135208173651,2.91153415453527,3.11962662736428,3.02309782608696,3.03865815159151,NA,NA,NA,NA,NA,3.18660797652394,NA,NA,NA,NA,2.9023746701847,NA,3.00925925925926,2.96875,NA,3.02624821528443,2.89203084832905,2.92307692307692,3.07941653160454,NA,NA,2.97101449275362,NA,NA,NA,NA,NA,NA,NA,NA
"166",NA,NA,NA,2.86532951289398,2.83622934980276,2.90540540540541,3.63984674329502,3.32710345210345,2.9291553133515,3.05232800266533,2.90329608790451,3.10925799863853,3.09461070330636,3.08686613878962,NA,3.32931594038504,3.13735937108651,3.51941747572816,3.1469834928952,2.84521788341822,3.14814814814815,4.90566037735849,NA,NA,NA,NA,NA,NA,NA,2.8499096117903,2.98701298701299,NA,NA,2.91543173285912,2.9108138238573,NA,NA,3.06122448979592,NA,NA,NA,NA,NA,3.10606060606061,2.90690574362476,NA,NA,NA
"167",NA,2.94117647058824,NA,NA,3.02325581395349,3.1283747300216,NA,3.26797385620915,3.19847755241014,NA,NA,3.18061224489796,NA,NA,NA,4.03645833333333,3.26388888888889,3.53658536585366,NA,NA,4.1025641025641,NA,NA,NA,NA,NA,NA,NA,NA,3.2088631618903,3.32512315270936,2.9806259314456,4.74137931034483,NA,3.1615925058548,NA,3.10880829015544,3.10810810810811,NA,3.21507634671056,3.33569051062079,3.24538897226122,NA,NA,NA,NA,NA,NA
"168",3.9019596145074,3.68699132033798,3.52797460788001,3.41142196921,3.56475001545012,3.42855550009926,3.43131777420205,3.53362151426634,3.89606764166427,3.39344410103885,4.46645340787366,3.55494780981781,3.7065415612401,4.26089494100476,3.84997634723198,3.64184342131989,3.5407558829608,3.84642552584893,3.6634707087183,3.85751406859234,9.11860179993965,3.62152443991592,4.00410538984086,3.79655067155067,3.62903225806452,3.53795624450308,4.62367724867725,3.39390900277156,3.49151220597777,3.47529305780745,3.51131762870583,3.45111385735766,3.45363946710627,3.62222210564401,3.65764294024393,3.54294122890685,6.17209952771278,3.56991656850877,3.86572883300408,3.78982524625429,3.44880956567092,3.58525967471631,4.06001334770779,3.32260573797205,3.58975814776925,3.38001242694265,3.38959619341564,3.69487896405789
"169",NA,NA,NA,NA,2.64367816091954,NA,NA,NA,NA,NA,NA,NA,NA,NA,NA,NA,NA,NA,NA,NA,NA,NA,NA,NA,NA,NA,NA,NA,NA,NA,NA,NA,NA,NA,NA,NA,NA,NA,NA,NA,NA,NA,NA,NA,NA,NA,NA,NA
"170",3.25544556215814,3.36710353578181,3.30332145862271,3.24584249018273,3.25934879948857,3.42034471260116,3.42891509021674,3.65279156199435,3.6842923532228,3.59296339495597,3.53137128276036,3.51297945309569,3.60317421080641,3.61562706600276,3.75823608224008,3.81385102169157,3.74549815009982,3.88137978707647,3.68449001427293,3.26651419340272,3.39306924805466,3.45078088556486,3.70960575739576,3.47511923009863,3.34396128772549,3.44143375293365,3.28644607857752,3.28448707547815,3.25784933564797,3.27797985522935,3.23121032501298,3.29730290082036,3.26707862094677,3.32977224171134,3.42008342155293,3.40298400969354,3.45097174503625,3.45129643971476,3.45423065826736,3.49603403183346,3.54698592265987,3.43761361473153,3.44846708812768,3.47163650688765,3.33333333333333,3.1180707114797,3.2720135183942,NA
"171",3.73341956611479,3.5388684212214,3.75963175514048,3.36010107457812,3.44334608606842,3.4191335493417,3.46917425937387,3.5838184803307,5.12257380666769,3.57824638956148,3.53982114093557,3.62178564783717,3.66780559231156,4.05464285856613,3.81417076982856,3.8393249745425,3.94287269364643,4.31812035130784,4.02448022440108,3.68979558452065,3.63831200922665,3.66330727974074,4.20924860969367,3.80615379540604,3.61082354210399,3.68003854619962,3.88815967968339,3.51284006637961,3.43316286008107,3.38026907215746,3.43243070112452,3.45823047147798,3.44600149584979,3.50522083084974,3.45329974522938,3.68731414562951,4.69727557719643,3.54283526900638,3.62532061376544,3.64940765041582,3.66339476144362,3.72001192841858,3.94173633082356,3.96108763429103,3.64635818838753,3.76112475623709,3.78161520550151,3.65188252987711
"172",3.54074619538537,3.85298964640132,3.33333333333333,3.37420473325065,3.44161861996503,3.42762222236073,3.55482545927077,4.03848071059457,3.72813925404242,3.67289971584627,3.58459404080478,3.59139031149081,3.59647559052415,3.66118444714565,3.75968067882375,4.03047281142451,4.13618235283374,4.44290605709659,4.12592650576587,3.40770001450412,3.42178359616265,3.49541055931445,3.68600981767181,3.53411512624535,3.51527628354551,3.84850543478261,3.696875,3.48474064171322,3.42113266911204,3.42007770865849,3.43604213921554,3.45607060568582,3.36960689568056,3.45208037262371,3.55128775619632,3.68759213618095,3.47389298693073,3.62864159428953,3.52510852466277,3.4113735574087,3.59727141459552,3.66894223818645,3.65747812197909,3.48994554999145,3.59375,3.45194735819736,3.57575757575758,3.23691460055096
"173",3.89167899604761,4.43365803121134,3.92999864454349,3.39407818271194,3.51508507469374,4.1586425471495,3.57878973157013,4.19775192117756,3.82374199899881,3.83648168777252,5.19727534176386,5.94478740263927,5.12567235344761,4.04406208626208,6.35068433137919,4.38239797690345,4.22663989246069,4.24693063542284,6.3914585584384,4.73500962972338,3.51378940427604,3.62083516171384,4.25670460268711,3.75919468857547,3.79385837939229,3.8238048545365,3.50337818511096,3.55033027707837,3.53563371497599,3.66467231842445,3.59358184850759,3.69465777649308,3.76363803305288,5.26249360898989,3.69603702223145,3.99609902707363,3.87499330061751,3.74608326947177,3.6223770136227,4.38515295093134,4.38525538912139,3.86108909892157,3.57030408411853,4.09057932328306,4.21395926392851,3.75222336143389,3.6936876282439,3.47265761058865
"174",NA,NA,NA,NA,2.80041797283177,2.79761904761905,3.45256680768835,4.2377692025397,2.8735632183908,3,2.89970473769789,2.08821481548754,2.93578226702598,2.98641274326815,4.06533202717912,3.08971403245547,3.2667523358974,4.66738197424893,NA,4.09626117640221,2.796835839599,2.79587741512994,NA,NA,NA,NA,NA,NA,NA,NA,NA,2.83645276292335,NA,3.22697407717119,2.8372591006424,NA,2.98780487804878,2.91208791208791,2.78947368421053,3.02665217303782,3.03316430764799,2.86177105831533,2.86516853932584,NA,NA,NA,NA,NA
"175",17.8999094298553,8.15040546622641,15.7576666899759,3.78749384045265,21.8692930248044,14.6308794217911,7.40408867403473,10.8272052438558,23.4032303126766,38.8091071188439,21.4590559942354,25.7370954154237,32.9684972626953,27.7359720666168,24.1759209085249,38.8309207960775,23.2393141926495,31.2244631339129,26.8401644266703,27.476556610083,30.8413761546992,15.6579695064019,29.5973205918998,36.788018091832,17.8044371767316,5.7877774806813,4.58560627309201,4.70988270530368,55.1894203818775,7.76013618919642,4.95642268855897,21.5392500990477,5.86206369168551,17.4206320078432,28.0241965627932,23.671668507808,21.1779025264807,18.4875063889167,19.0273984597015,10.515610961953,8.4898995663226,44.8039381478744,16.0580478279129,21.3712207097508,10.571709662456,7.16496153968842,11.8738916439172,26.5461315266512
"176",3.627495878366,NA,89.6551724137931,NA,2.77173913043478,3.24993600421321,3.21380536924629,5.65948746257528,25.388418079096,4.90077970574157,3.58668353365459,3.52136880296102,3.75336764225011,2.91476889826496,8.79348810168349,5.15159430264589,8.03112698061889,4.62279714453234,8.96181646292304,6.9370416707132,4.18804202316512,3.54188703194415,3.54276338630741,4.25724637681159,3.92156862745098,3.82513661202186,4.25,44.923798876107,NA,3.25,2.94787449392713,3.26152912621359,43.5486811717516,4.09090909090909,NA,3.36676411753253,4.11706349206349,3.98116169544741,3.78378378378378,3.04892933618844,4.38943677405216,3.04740588933233,3.63670623704541,4.136754118326,2.97297297297297,4.15164703945115,3.94353369763206,3.5187265917603
"177",NA,NA,NA,NA,NA,NA,NA,NA,NA,NA,NA,NA,NA,NA,NA,NA,NA,NA,NA,NA,NA,NA,NA,NA,NA,NA,NA,NA,NA,NA,NA,NA,NA,NA,NA,NA,NA,NA,NA,NA,NA,NA,NA,NA,NA,NA,NA,NA
"178",NA,NA,NA,NA,NA,NA,NA,NA,NA,NA,NA,NA,NA,NA,NA,NA,NA,NA,NA,NA,NA,NA,NA,NA,NA,NA,NA,NA,NA,NA,NA,NA,NA,NA,NA,NA,NA,NA,NA,NA,NA,NA,NA,NA,NA,NA,NA,NA
"179",NA,NA,NA,NA,NA,NA,NA,NA,NA,NA,NA,NA,NA,NA,NA,NA,NA,NA,NA,NA,NA,NA,NA,NA,NA,NA,NA,NA,NA,NA,NA,NA,NA,NA,NA,NA,NA,NA,NA,NA,NA,NA,NA,NA,NA,NA,NA,NA
"180",NA,NA,NA,NA,NA,NA,NA,NA,NA,NA,NA,NA,NA,NA,NA,NA,NA,NA,NA,NA,NA,NA,NA,NA,NA,NA,NA,NA,NA,NA,NA,NA,NA,NA,NA,NA,NA,NA,NA,NA,NA,NA,NA,NA,NA,NA,NA,NA
"181",NA,NA,NA,NA,NA,NA,NA,NA,NA,NA,NA,NA,NA,NA,NA,NA,NA,NA,NA,NA,NA,NA,NA,NA,NA,NA,NA,NA,NA,NA,NA,NA,NA,NA,NA,NA,NA,NA,NA,NA,NA,NA,NA,NA,NA,NA,NA,NA
"182",NA,NA,NA,NA,NA,NA,NA,NA,NA,NA,NA,NA,NA,NA,NA,NA,NA,NA,NA,NA,NA,NA,NA,NA,NA,NA,NA,NA,NA,NA,NA,NA,NA,NA,NA,NA,NA,NA,NA,NA,NA,NA,NA,NA,NA,NA,NA,NA
"183",NA,NA,NA,NA,NA,NA,NA,NA,NA,NA,NA,NA,NA,NA,NA,NA,NA,NA,NA,NA,NA,NA,NA,NA,NA,NA,NA,NA,NA,NA,NA,NA,NA,NA,2.93269230769231,NA,NA,NA,NA,NA,NA,NA,NA,NA,NA,NA,NA,NA
"184",NA,NA,NA,NA,NA,NA,NA,NA,NA,NA,NA,NA,NA,NA,NA,NA,NA,NA,NA,NA,NA,NA,NA,NA,NA,NA,NA,NA,NA,NA,NA,NA,NA,NA,NA,NA,NA,NA,NA,NA,NA,NA,NA,NA,NA,NA,NA,NA
"185",NA,NA,NA,NA,NA,NA,NA,NA,NA,NA,NA,6.62100456621005,NA,NA,NA,NA,NA,NA,NA,NA,NA,NA,NA,NA,NA,NA,NA,NA,NA,NA,NA,NA,NA,NA,NA,NA,NA,NA,NA,NA,NA,NA,NA,NA,NA,NA,NA,NA
"186",NA,NA,NA,NA,NA,NA,NA,NA,NA,NA,NA,NA,NA,NA,NA,NA,NA,NA,NA,NA,NA,NA,NA,NA,NA,NA,NA,NA,NA,NA,NA,NA,NA,NA,NA,NA,NA,NA,NA,NA,NA,NA,NA,NA,NA,NA,NA,NA
"187",NA,NA,NA,NA,NA,NA,NA,NA,NA,NA,NA,NA,NA,NA,NA,NA,NA,NA,NA,NA,NA,NA,NA,NA,NA,NA,NA,NA,NA,NA,NA,NA,NA,NA,NA,NA,NA,NA,NA,NA,NA,NA,NA,NA,NA,NA,NA,NA
"188",NA,NA,NA,NA,NA,NA,NA,NA,NA,NA,NA,NA,NA,NA,NA,NA,NA,NA,NA,NA,NA,NA,NA,NA,NA,NA,NA,NA,NA,NA,NA,NA,NA,NA,NA,NA,NA,NA,NA,NA,NA,NA,NA,NA,NA,NA,NA,NA
"189",NA,NA,NA,NA,NA,NA,NA,NA,NA,NA,NA,NA,NA,NA,NA,NA,NA,NA,NA,NA,NA,NA,NA,NA,NA,NA,NA,NA,NA,NA,NA,NA,NA,NA,NA,NA,NA,NA,NA,NA,NA,NA,NA,NA,NA,NA,NA,NA
"190",NA,NA,NA,NA,NA,NA,NA,NA,NA,NA,NA,NA,NA,NA,NA,NA,NA,NA,NA,NA,NA,NA,NA,NA,NA,NA,NA,NA,NA,NA,NA,NA,NA,NA,NA,NA,NA,NA,NA,NA,NA,NA,NA,NA,NA,NA,NA,NA
"191",NA,NA,NA,NA,NA,NA,NA,NA,NA,NA,NA,NA,NA,NA,NA,NA,NA,NA,NA,NA,NA,NA,NA,NA,NA,NA,NA,NA,NA,NA,NA,NA,NA,NA,NA,NA,NA,NA,NA,NA,NA,NA,NA,NA,NA,NA,NA,NA
"192",NA,NA,NA,NA,NA,NA,NA,NA,NA,NA,NA,NA,NA,NA,NA,NA,NA,NA,NA,NA,NA,NA,NA,NA,NA,NA,NA,NA,NA,NA,NA,NA,NA,NA,NA,NA,NA,NA,NA,NA,NA,NA,NA,NA,NA,NA,NA,NA
"193",NA,NA,NA,NA,NA,NA,NA,NA,NA,NA,NA,NA,NA,NA,NA,NA,NA,NA,NA,NA,NA,NA,NA,NA,NA,NA,NA,NA,NA,NA,NA,NA,NA,NA,NA,NA,NA,NA,NA,NA,NA,NA,NA,NA,NA,NA,NA,NA
"194",NA,NA,NA,NA,NA,NA,NA,NA,NA,NA,NA,NA,NA,NA,NA,NA,NA,NA,NA,NA,NA,NA,NA,NA,NA,NA,NA,NA,NA,NA,NA,NA,NA,NA,NA,NA,NA,NA,NA,NA,NA,NA,NA,NA,NA,NA,NA,NA
"195",NA,NA,NA,NA,NA,NA,NA,NA,NA,NA,NA,NA,NA,NA,NA,NA,NA,NA,NA,NA,NA,NA,NA,NA,NA,NA,NA,NA,NA,NA,NA,NA,NA,NA,NA,NA,NA,NA,NA,NA,NA,NA,NA,NA,NA,NA,NA,NA
