"","X1","X2","X3","X4","X5","X6","X7","X8","X9","X10","X11","X12","X13","X14","X15","X16","X17","X18","X19","X20","X21","X22","X23","X24","X25","X26","X27","X28","X29","X30","X31","X32","X33","X34","X35","X36","X37","X38","X39","X40","X41","X42","X43","X44","X45","X46","X47","X48"
"1",0,0,0,0,1,4,5,0,0,1,0,0,0,0,0,0,0,0,1,0,0,0,1,0,0,0,0,0,0,0,0,0,0,0,0,0,0,0,0,0,0,0,0,0,0,0,0,0
"2",0,0,1,0,0,0,1,0,0,0,1,1,0,0,0,0,0,0,0,0,0,0,0,0,0,0,0,1,0,0,0,0,0,0,0,0,0,0,0,0,0,0,0,0,0,0,0,0
"3",0,0,0,0,0,1,0,1,1,0,0,0,0,0,0,0,0,0,0,0,0,0,0,0,0,0,0,0,0,0,0,0,0,0,0,0,0,0,0,0,0,1,0,0,0,0,0,0
"4",0,0,0,0,1,1,1,0,0,0,0,0,1,1,0,1,0,0,0,0,0,0,0,0,0,0,0,1,1,0,0,0,1,1,0,0,0,2,0,0,0,0,0,0,0,0,0,1
"5",12,5,3,7,16,37,24,48,36,38,34,72,38,44,55,49,49,45,34,27,18,34,31,30,5,3,0,6,9,10,9,12,13,13,20,11,11,17,14,8,12,11,8,9,5,3,5,6
"6",0,0,0,1,3,2,0,0,2,0,0,1,0,0,0,0,0,1,0,0,0,0,0,0,0,0,0,0,0,0,0,0,0,0,0,0,0,0,0,0,0,0,0,0,0,0,0,0
"7",0,0,0,0,0,0,0,0,0,0,0,0,0,0,0,0,0,0,0,1,0,0,0,0,0,0,0,0,0,0,0,0,0,0,0,0,0,0,0,0,0,0,0,0,0,0,0,0
"8",0,0,0,0,0,0,0,0,0,0,0,0,0,0,0,0,0,0,0,0,0,0,0,0,0,0,0,0,0,0,0,0,0,0,0,0,0,0,0,0,0,0,0,0,0,0,0,0
"9",0,0,2,9,33,36,39,33,25,18,15,12,16,14,19,25,24,14,15,4,4,1,0,0,1,2,1,6,11,10,12,15,8,6,11,6,8,3,7,8,4,8,4,3,1,1,0,0
"10",0,0,0,0,1,0,0,2,1,0,0,0,0,0,0,1,0,0,0,0,0,0,0,0,0,0,0,0,0,1,0,0,0,0,0,0,0,0,0,0,0,0,0,0,0,0,0,0
"11",3,3,1,18,81,124,106,101,81,37,22,40,24,42,44,37,19,26,26,12,8,8,4,6,5,2,2,5,23,23,31,26,24,33,24,15,16,20,11,7,8,9,13,6,1,3,2,1
"12",0,0,0,0,0,0,0,0,0,0,1,0,0,0,0,0,0,0,0,0,0,0,0,0,0,0,0,0,0,0,0,0,0,0,0,0,0,0,0,0,0,0,0,0,0,0,0,0
"13",0,0,0,0,0,1,0,0,0,0,0,1,0,0,0,0,0,1,1,0,0,0,0,0,0,0,0,0,0,0,1,0,0,0,0,0,0,0,0,0,0,0,0,0,0,0,0,0
"14",17,15,40,385,1331,1636,1963,1664,1395,1227,1320,1364,1422,1480,1418,1308,1086,792,537,287,97,48,42,28,19,15,17,124,306,360,524,566,704,675,628,578,537,533,507,413,431,334,208,84,39,15,10,13
"15",0,0,0,0,0,3,0,1,1,0,0,0,0,0,0,0,0,0,0,0,0,0,0,0,0,0,0,0,0,0,0,0,0,0,0,0,0,1,0,0,0,0,0,0,0,0,0,0
"16",0,0,0,0,1,1,3,0,0,0,0,1,1,1,0,2,0,0,0,0,0,0,0,0,0,0,0,0,0,1,1,1,0,0,1,0,0,0,0,0,0,0,0,0,0,0,0,0
"17",0,0,0,0,0,0,0,1,0,0,0,1,1,0,0,0,0,0,0,0,0,0,0,0,0,0,0,0,0,0,0,0,0,1,0,0,0,0,0,0,0,0,0,0,0,0,0,0
"18",0,0,0,0,0,0,0,0,0,0,0,0,0,0,0,0,0,0,0,0,0,0,0,0,0,0,0,0,0,0,0,0,0,0,0,0,0,0,0,0,0,0,0,0,0,0,0,0
"19",1,1,0,4,4,19,10,4,5,2,0,1,0,1,3,1,5,1,0,3,0,1,0,1,0,0,0,1,4,4,2,4,3,1,1,1,0,0,1,0,0,1,0,0,0,0,0,1
"20",131,112,225,1503,5974,8488,11431,10575,10140,10602,11557,14672,17361,19342,20727,19864,14534,9611,5111,2322,828,378,298,190,54,50,97,498,1327,1818,2840,3625,3939,3829,3845,4138,4154,4003,3829,3372,2694,2005,1276,481,200,87,55,64
"21",29,44,29,400,2656,3875,5094,4364,3628,3660,3819,4881,6096,7385,8010,8013,6609,4667,2561,1090,436,191,94,38,15,10,25,150,485,663,1031,1143,1123,1135,1106,1131,1181,1288,1184,1000,820,662,390,179,56,24,17,13
"22",0,0,0,0,0,0,0,1,0,0,0,0,1,0,0,0,0,0,0,0,0,0,0,0,0,0,0,0,0,0,0,0,0,0,0,0,0,0,0,0,0,0,0,0,0,0,0,0
"23",0,0,0,0,1,0,0,0,1,0,0,0,0,0,0,0,0,0,0,0,0,0,0,0,0,0,0,0,0,0,0,0,0,0,0,0,0,0,0,0,0,0,0,0,0,0,0,0
"24",0,1,0,0,3,2,0,1,0,0,0,2,0,3,3,2,3,0,0,0,0,0,0,0,0,0,0,1,0,0,0,0,0,0,1,0,0,1,0,1,0,1,0,0,0,0,0,0
"25",1,2,1,4,4,2,3,3,1,1,2,0,3,1,0,1,1,0,1,2,0,0,1,2,1,0,0,2,1,2,2,2,0,0,1,1,3,0,0,0,0,0,0,1,0,0,0,0
"26",0,0,1,1,3,0,1,1,1,2,3,1,1,0,1,0,0,1,2,1,3,0,0,0,0,0,0,0,0,0,0,2,2,0,2,0,0,0,0,0,0,0,0,0,0,0,0,0
"27",0,0,0,0,0,2,0,0,0,2,0,0,0,0,1,0,0,0,0,0,0,0,0,0,0,0,0,1,0,1,0,0,0,0,1,0,0,0,0,1,0,0,1,0,0,0,0,0
"28",0,0,0,0,0,0,0,0,1,0,0,0,0,0,0,0,0,0,0,0,0,0,0,0,0,0,0,0,0,0,0,0,0,0,0,0,0,0,0,0,0,0,0,0,0,0,0,0
"29",0,0,0,0,1,4,3,2,2,1,1,0,1,0,0,0,0,0,1,0,0,0,0,0,0,0,0,0,0,0,0,1,1,2,0,0,1,0,0,0,0,1,0,0,0,0,0,0
"30",0,0,0,0,0,6,11,1,1,1,2,1,0,0,1,0,1,1,2,0,0,0,0,1,0,0,0,1,0,0,1,1,0,0,0,1,0,0,0,0,0,0,0,0,0,0,0,0
"31",0,0,0,1,3,0,2,2,1,1,0,0,0,0,0,0,0,0,0,0,0,0,0,0,0,0,0,0,0,1,0,0,0,0,0,0,0,1,0,0,0,0,0,0,0,0,0,0
"32",0,0,0,0,0,0,1,0,0,0,0,0,0,0,0,0,1,0,0,0,0,0,0,0,0,0,0,1,2,0,0,0,0,0,0,0,0,0,0,0,0,0,0,0,0,0,0,0
"33",0,0,2,2,16,12,33,16,15,9,4,5,6,11,3,6,4,2,4,2,1,1,2,0,1,0,0,2,5,1,8,7,5,5,4,3,3,4,7,1,2,1,1,1,2,0,0,0
"34",0,0,0,0,1,0,0,0,0,1,0,0,0,0,0,0,0,0,0,0,0,0,0,0,0,0,0,0,0,0,0,0,0,0,0,0,0,0,0,0,0,0,0,0,0,0,0,0
"35",0,0,0,0,0,0,0,0,2,0,0,0,0,1,0,0,0,0,0,0,0,0,0,0,0,0,0,0,1,0,0,0,0,0,0,0,0,0,0,0,0,0,0,0,0,0,0,0
"36",1,1,0,0,1,0,1,2,2,0,0,1,1,3,0,3,1,0,0,0,0,1,0,0,0,0,0,1,2,0,0,1,1,1,0,0,1,0,0,0,0,0,1,0,0,0,1,0
"37",8,4,11,190,1147,1760,2266,1770,1483,1483,1699,2356,3298,3709,4051,4046,3148,2112,1064,413,138,62,28,13,3,2,7,77,218,282,368,423,447,422,384,456,464,443,500,446,406,306,175,95,20,7,3,5
"38",2,3,7,3,5,4,1,1,2,0,1,1,0,1,4,3,2,1,0,2,0,1,1,2,0,2,2,0,4,4,3,2,1,3,0,2,0,0,2,2,1,0,0,0,0,4,2,2
"39",0,0,0,0,0,0,0,0,0,0,0,0,0,0,1,0,0,0,0,0,0,0,0,0,0,0,0,0,0,0,0,0,0,0,0,0,0,0,0,0,0,0,0,0,0,0,0,0
"40",0,0,0,0,0,0,0,0,0,1,1,0,0,0,0,0,0,0,0,0,0,0,0,0,0,0,0,0,0,0,1,0,0,0,0,0,0,0,0,0,0,0,0,0,0,0,0,0
"41",0,1,0,5,19,24,27,40,19,11,11,9,11,20,15,8,10,9,5,4,2,3,1,1,2,0,0,2,1,6,6,13,13,9,6,9,7,5,2,3,2,3,2,1,1,1,0,1
"42",0,0,0,0,0,0,0,0,0,0,0,0,0,0,0,0,0,0,0,0,0,0,0,0,0,0,0,0,0,0,0,0,0,0,0,0,0,0,0,0,0,0,0,0,0,0,0,0
"43",0,0,0,1,2,1,4,5,0,0,0,1,0,1,0,2,0,0,0,0,0,0,0,0,0,0,0,1,0,0,0,0,0,0,0,0,1,0,0,0,0,0,0,0,0,0,0,0
"44",0,0,0,0,0,1,0,0,0,0,0,0,0,0,0,0,0,0,0,0,0,0,0,0,0,0,0,0,0,0,0,0,0,0,0,0,0,0,0,0,0,0,0,0,0,0,0,0
"45",1,0,0,0,10,2,6,3,2,2,2,1,3,0,1,6,2,2,0,1,0,0,0,0,0,0,0,0,2,4,2,2,2,1,1,1,1,0,0,1,1,0,0,0,1,0,0,0
"46",0,0,0,1,3,1,1,4,1,3,2,2,3,3,0,2,7,1,3,2,1,1,0,0,0,0,0,0,0,2,1,0,0,2,2,0,0,1,0,0,0,0,0,1,2,0,0,0
"47",0,0,0,0,0,0,0,0,0,0,0,0,0,0,0,0,0,0,0,0,0,0,0,0,0,0,0,0,0,0,0,0,0,0,0,0,0,0,0,0,0,0,0,0,0,0,0,0
"48",8,4,11,15,56,54,59,67,33,15,11,13,23,21,15,25,20,24,11,14,6,5,8,3,1,2,2,6,35,21,12,20,28,18,34,7,11,9,7,8,4,5,3,4,4,3,2,4
"49",0,0,0,0,2,1,3,5,1,1,2,3,5,2,3,2,2,1,0,3,2,4,0,0,0,0,0,0,0,0,0,2,0,2,1,0,1,1,1,2,3,1,1,0,0,0,0,0
"50",0,0,0,0,1,0,2,0,0,2,0,0,0,0,3,0,1,0,0,0,0,0,0,0,0,0,0,0,0,0,0,0,0,0,0,1,0,0,0,0,0,0,0,0,0,0,0,0
"51",0,0,0,0,0,0,0,0,0,0,0,0,0,0,0,0,0,0,0,0,0,0,0,0,0,0,0,0,0,0,0,0,0,0,0,0,0,0,0,0,0,0,0,0,0,0,0,0
"52",0,0,0,1,1,0,0,0,0,0,0,1,0,0,0,0,1,0,0,0,0,0,0,0,0,0,0,0,1,0,0,0,0,1,0,0,0,0,0,0,0,0,0,0,0,0,0,0
"53",0,0,0,0,0,0,0,0,0,0,0,0,0,0,1,0,0,0,1,0,0,0,0,0,0,0,0,0,0,0,0,0,0,0,0,0,0,0,0,0,0,0,0,0,0,0,0,0
"54",20,12,6,55,266,268,283,247,172,94,86,79,78,91,105,66,73,61,59,33,28,28,19,29,6,14,10,43,89,76,75,107,87,63,53,43,43,30,28,29,29,21,22,14,15,6,12,9
"55",0,0,0,0,2,1,2,0,0,0,1,0,0,0,0,0,0,0,0,0,0,0,0,0,0,0,0,0,0,0,0,0,0,0,0,0,0,0,0,0,1,0,0,0,0,0,0,0
"56",0,0,0,0,1,0,0,0,0,0,0,0,0,0,0,0,0,0,0,0,0,0,0,0,0,0,0,0,0,0,0,0,0,0,0,0,0,0,0,0,0,0,0,0,0,0,0,0
"57",0,0,0,0,0,0,0,0,0,0,0,0,0,0,0,0,0,0,0,0,0,0,1,0,0,0,0,0,0,0,0,0,0,0,1,0,0,0,0,0,0,0,1,0,0,0,0,0
"58",0,0,1,1,1,1,1,0,0,0,0,0,0,0,2,2,0,0,0,0,0,0,0,0,0,0,0,0,0,0,0,0,0,0,0,0,0,0,0,0,0,0,0,0,0,0,0,0
"59",0,0,0,0,0,0,0,0,0,0,1,0,0,0,0,0,0,0,0,0,0,0,0,0,0,0,0,0,0,0,0,0,0,0,0,0,0,0,0,0,0,0,0,0,0,0,0,0
"60",0,0,0,0,0,2,0,0,0,0,0,0,0,0,0,0,0,0,0,0,0,0,0,0,0,0,0,0,0,0,0,0,0,0,0,0,0,0,0,0,0,0,0,0,0,0,0,0
"61",0,0,0,0,0,0,0,0,0,0,0,0,0,0,0,0,0,0,0,0,0,0,0,0,0,0,0,0,0,0,0,0,0,0,0,0,0,0,0,0,0,0,0,0,0,0,0,0
"62",0,0,0,0,0,0,0,0,0,0,0,0,0,0,0,0,0,0,0,0,0,0,0,0,0,0,0,0,0,0,0,0,0,0,0,0,0,0,0,0,0,0,0,0,0,0,0,0
"63",0,0,0,0,0,0,1,0,0,0,0,0,0,0,0,0,0,0,0,0,0,0,0,0,0,0,0,0,0,0,0,0,0,0,0,0,0,0,0,0,0,0,0,0,0,0,0,0
"64",0,0,0,0,0,0,0,0,0,0,0,0,0,0,0,0,0,0,0,0,0,0,0,0,0,0,0,0,0,0,0,0,0,0,0,0,0,0,0,0,0,0,0,0,0,0,0,0
"65",0,0,0,0,0,0,0,0,0,0,0,0,0,0,0,0,0,0,0,0,0,0,0,0,0,0,0,0,0,0,0,0,0,0,0,0,0,0,0,0,0,0,0,0,0,0,0,0
"66",0,0,0,1,0,2,0,0,1,1,1,0,0,0,0,0,0,0,0,0,0,0,0,0,0,1,0,0,0,0,0,1,0,0,1,0,0,0,0,0,0,0,0,0,0,0,0,0
"67",6,6,6,187,1721,2864,3099,2388,1496,1374,1192,1011,1073,1117,940,817,730,660,538,308,157,62,29,18,4,2,3,61,310,420,569,646,551,508,455,420,437,421,503,411,349,292,203,107,47,10,8,4
"68",0,0,0,0,0,0,0,0,1,0,0,1,0,0,0,0,0,0,0,0,0,0,0,0,0,0,0,0,0,0,1,0,1,0,0,0,0,0,0,0,0,0,0,0,0,0,0,0
"69",0,0,0,0,0,0,0,0,0,0,0,0,0,0,0,0,1,1,0,0,0,0,0,0,0,0,0,0,0,0,0,0,0,0,0,0,0,0,1,0,0,0,0,0,0,0,0,0
"70",0,0,0,2,8,4,7,3,7,0,1,1,1,5,1,1,0,1,2,0,0,0,0,0,0,0,0,0,5,0,2,2,1,2,1,0,0,0,0,2,0,1,0,0,0,0,0,0
"71",0,1,7,12,22,14,17,25,20,9,10,11,15,7,15,7,10,3,4,4,8,3,9,1,1,2,1,7,10,4,5,8,7,1,6,5,9,5,5,4,4,2,2,1,1,0,2,2
"72",0,0,0,5,5,0,2,0,3,2,1,2,1,1,1,1,1,0,1,0,0,2,0,3,0,1,0,2,1,0,0,0,0,1,1,0,0,1,0,0,1,1,0,0,0,0,1,0
"73",2,0,2,6,11,11,11,7,8,2,1,3,4,3,5,3,1,1,2,0,1,1,0,1,0,0,0,4,6,6,2,1,1,6,2,1,2,2,2,2,3,1,0,1,0,1,1,0
"74",0,0,0,0,0,0,0,0,1,0,0,0,0,0,0,0,0,0,0,0,0,0,0,0,0,0,1,0,0,0,0,0,0,0,0,0,0,0,0,0,0,0,0,0,0,0,0,0
"75",13,15,17,247,1620,2317,2586,2266,1774,1695,1771,2188,2761,3247,3423,3357,2754,1999,1305,612,269,75,55,25,8,6,15,91,308,375,485,632,583,608,537,556,567,594,681,548,491,388,271,121,45,10,12,8
"76",0,0,0,3,2,3,4,4,2,3,1,1,2,0,2,1,0,0,0,0,0,0,0,1,0,0,0,1,5,1,1,1,1,1,2,0,0,1,1,0,1,0,0,0,1,0,0,0
"77",0,0,0,1,1,1,1,1,1,1,0,0,0,2,0,0,1,0,0,0,0,0,0,0,0,0,0,0,2,1,0,0,0,0,0,0,0,1,0,0,0,0,0,0,1,0,0,0
"78",0,0,0,4,22,15,11,13,16,7,6,1,1,6,3,4,2,4,0,0,0,0,0,0,0,0,0,0,5,4,2,5,6,4,2,7,3,4,3,2,4,1,2,0,2,2,0,0
"79",13,1,14,98,701,1149,1450,1119,800,758,622,685,803,935,961,952,803,675,414,251,87,34,22,13,2,5,2,30,129,183,249,284,246,244,228,271,269,291,276,254,233,164,118,79,13,8,2,0
"80",0,0,0,2,3,4,2,1,2,2,0,1,0,0,1,1,1,0,1,0,0,0,0,0,0,0,0,0,0,0,0,0,0,0,1,0,0,0,0,0,0,1,0,0,0,0,0,0
"81",0,0,0,0,0,1,1,1,0,0,0,0,0,0,0,0,0,0,0,0,0,0,0,0,0,0,0,0,0,0,0,0,0,0,0,0,0,0,0,0,0,0,0,0,0,0,0,0
"82",0,0,0,0,1,0,0,0,0,0,0,0,0,0,1,0,0,1,0,0,0,0,0,0,0,0,0,0,0,0,0,0,0,0,0,0,0,0,0,0,0,0,0,0,0,0,0,0
"83",0,0,0,1,1,0,0,0,0,0,0,0,0,0,0,0,0,1,0,0,0,0,0,0,0,0,0,1,0,0,0,0,1,0,0,0,0,0,0,0,0,0,0,0,0,0,0,0
"84",0,0,0,0,0,0,0,0,0,0,0,0,0,0,0,0,0,0,0,0,0,0,0,0,0,0,0,0,0,0,0,0,0,0,0,0,0,0,0,0,0,0,0,0,0,0,0,0
"85",0,0,0,0,0,0,0,0,0,0,0,1,0,0,0,0,0,0,0,0,0,0,0,0,0,0,0,0,0,0,0,0,0,0,0,0,0,0,0,0,0,0,0,0,0,0,0,0
"86",0,0,0,0,0,0,0,0,0,0,0,0,0,0,0,0,0,0,0,0,0,0,0,0,0,0,0,0,0,0,0,0,0,0,0,0,0,0,0,0,0,0,0,0,0,0,0,0
"87",0,0,0,0,0,0,0,0,0,0,0,0,0,0,0,0,0,0,0,0,0,0,0,0,0,0,0,0,0,0,0,0,0,0,0,0,0,0,0,0,0,0,0,0,0,0,0,0
"88",14,4,7,40,178,190,248,192,197,113,102,122,117,151,178,177,167,129,96,44,25,20,20,16,3,5,2,25,42,56,55,74,78,58,46,48,55,33,57,56,31,29,29,10,10,2,1,2
"89",0,1,0,0,1,2,0,3,2,0,0,2,0,0,0,1,2,1,0,0,1,0,0,0,0,0,0,0,0,2,1,1,1,0,1,0,1,1,0,2,4,2,0,0,0,0,0,0
"90",23,10,33,242,1501,2152,2713,2395,1912,1778,1884,2482,3187,3629,3983,3803,2970,2128,1258,553,242,101,50,27,5,14,18,85,284,357,509,607,615,621,603,677,712,768,824,684,591,460,306,131,49,17,11,6
"91",13,19,23,129,970,1524,2008,1702,1321,1040,917,1012,1181,1303,1301,1190,1001,905,537,281,137,64,31,24,6,5,12,53,181,221,349,366,387,379,357,376,433,488,481,411,388,288,203,94,31,14,8,7
"92",0,0,0,0,0,0,0,1,0,0,0,0,1,0,0,0,1,0,0,0,0,0,0,0,0,0,0,0,0,0,0,0,0,0,0,1,0,1,0,0,0,0,0,0,0,0,0,0
"93",0,0,0,0,0,0,0,0,0,0,0,0,0,0,0,0,0,0,0,0,0,0,0,0,0,0,0,0,0,0,0,0,0,0,0,0,0,0,0,0,0,0,0,0,0,0,0,0
"94",0,0,0,0,0,0,0,0,0,0,0,0,0,0,0,0,0,0,0,0,0,0,0,0,0,0,0,0,0,0,0,0,0,0,0,0,0,0,0,0,0,0,0,0,0,0,0,0
"95",0,0,0,0,0,0,0,0,0,0,0,0,0,0,0,0,0,0,0,0,0,0,0,0,0,0,0,0,0,0,0,0,0,0,0,0,0,0,0,0,0,0,0,0,0,0,0,0
"96",0,0,0,0,0,0,0,0,0,0,0,0,0,1,1,0,0,0,0,0,0,0,0,0,0,0,0,0,0,0,0,0,0,0,0,0,0,0,0,0,0,0,0,0,0,0,0,0
"97",1,0,4,8,17,9,4,7,4,6,4,2,1,0,2,5,1,0,2,1,0,0,0,0,1,0,0,1,10,3,3,1,4,2,1,5,2,2,2,1,0,3,5,1,1,0,0,0
"98",0,0,0,0,1,1,0,7,1,3,1,0,0,1,1,2,1,0,0,0,0,0,1,0,0,0,0,0,2,3,0,3,0,0,0,1,1,0,1,0,0,0,0,0,0,0,0,0
"99",0,0,0,0,1,1,2,0,1,1,1,0,0,3,0,0,0,0,1,0,0,0,0,0,0,0,0,0,0,1,0,0,0,0,1,0,0,0,0,0,0,0,0,0,0,0,0,0
"100",0,0,0,0,3,3,1,0,0,0,0,0,1,1,0,0,1,0,0,0,0,0,0,0,0,0,0,0,0,0,0,0,0,0,0,0,0,0,0,0,0,0,0,0,0,0,0,0
"101",0,0,0,0,0,0,0,0,0,0,0,0,0,0,0,0,0,0,0,0,0,0,0,0,0,0,0,0,0,0,0,0,0,0,0,0,0,0,0,0,0,0,0,0,0,0,0,0
"102",0,0,0,0,0,1,0,0,1,0,0,0,0,0,0,0,0,0,0,0,0,0,0,0,0,0,0,0,0,1,0,0,1,0,1,0,0,0,1,0,0,0,0,0,0,0,0,0
"103",0,0,0,0,3,0,5,0,0,0,0,1,0,0,0,0,0,0,0,0,0,0,0,0,0,0,0,0,0,0,1,0,0,1,0,0,0,0,0,0,0,0,0,0,0,0,0,0
"104",2,0,1,1,3,9,4,9,6,4,2,2,4,4,7,3,2,9,1,5,2,4,1,2,0,0,0,0,5,2,1,1,0,0,4,3,0,4,1,2,0,1,1,0,0,1,0,1
"105",0,0,0,0,0,0,0,0,0,0,0,0,0,0,0,0,0,0,0,0,0,0,0,0,0,0,0,0,0,0,0,0,0,0,0,0,0,0,0,0,0,0,0,0,0,0,0,0
"106",11,7,7,99,558,900,1273,1121,1069,894,970,1305,1558,1826,1868,1821,1346,1134,652,296,114,49,30,15,5,4,5,30,99,150,250,283,365,333,353,387,370,452,444,347,281,208,142,73,25,6,5,4
"107",5,3,6,41,213,258,389,334,300,292,275,284,327,310,301,293,255,187,132,71,30,27,10,12,7,3,4,20,54,62,64,109,109,108,106,139,137,132,157,101,113,85,55,35,12,3,4,1
"108",0,0,1,22,191,309,348,235,125,110,114,103,112,92,101,87,67,64,60,30,18,6,2,0,0,0,0,8,40,33,62,75,69,71,44,57,51,54,58,49,45,30,26,12,6,1,0,1
"109",0,0,0,0,0,0,0,0,0,0,0,0,0,0,0,0,0,0,0,0,0,0,0,0,0,0,0,0,0,0,0,0,0,0,1,0,0,0,0,0,0,0,0,0,0,0,0,0
"110",0,0,0,0,0,0,0,0,0,0,0,0,0,0,0,0,0,0,0,0,0,0,0,0,0,0,0,0,0,0,0,0,0,0,0,0,0,0,0,0,0,0,0,0,0,0,0,0
"111",0,0,0,0,0,0,0,0,0,0,0,0,0,0,0,0,0,0,0,0,0,0,0,0,0,0,0,0,0,0,0,0,0,0,0,0,0,0,0,0,0,0,0,0,0,0,0,0
"112",0,0,0,1,0,0,1,1,0,1,0,0,0,0,0,2,0,0,0,0,0,0,0,0,0,0,0,0,0,0,0,0,0,0,0,0,0,0,0,0,0,0,0,0,0,0,0,0
"113",0,0,0,1,7,2,3,2,4,0,2,2,0,2,0,3,2,0,0,0,0,0,0,1,0,1,0,1,3,2,1,0,0,0,1,0,1,0,1,1,0,0,0,0,0,0,0,0
"114",0,0,0,0,0,0,1,1,0,0,0,0,0,0,0,0,0,0,0,0,0,0,0,0,0,0,0,0,0,0,0,0,0,0,0,0,0,0,0,0,0,0,0,0,0,0,0,0
"115",0,0,0,0,0,0,0,0,0,0,0,0,0,0,0,0,0,0,0,0,0,0,0,0,0,0,0,0,0,0,0,0,0,0,0,0,0,0,0,0,0,0,0,0,0,0,0,0
"116",0,0,0,0,0,3,0,0,1,0,0,0,0,0,0,0,0,0,0,0,0,0,0,0,0,0,0,0,0,0,1,0,0,0,0,0,0,0,0,0,0,0,0,0,0,0,0,0
"117",0,0,0,0,1,0,0,1,1,0,0,0,1,1,0,0,0,0,0,0,0,0,0,0,0,0,0,0,0,0,0,0,0,0,0,1,0,0,0,0,0,0,0,0,0,0,0,0
"118",0,0,0,0,1,0,1,2,1,0,1,0,0,2,1,1,0,0,0,0,0,0,0,0,0,0,0,0,0,0,0,1,1,0,0,0,0,0,0,0,0,0,0,1,0,0,0,0
"119",0,0,0,0,0,0,0,0,1,0,0,0,0,0,0,0,0,0,0,0,0,0,0,0,0,0,0,0,0,0,0,0,0,0,0,0,0,0,0,0,0,0,0,0,0,0,0,0
"120",0,0,0,0,0,0,0,0,0,0,0,0,0,0,0,0,0,0,0,0,0,0,0,0,0,0,0,0,0,0,0,0,0,0,0,0,0,0,0,0,0,0,0,0,0,0,0,0
"121",0,0,1,0,1,0,0,1,0,0,0,0,0,0,0,0,0,0,0,0,0,0,0,0,0,0,0,0,0,0,0,0,0,0,0,0,0,0,0,0,0,0,0,0,0,0,0,0
"122",0,0,0,0,0,0,0,1,1,0,0,0,0,0,1,0,0,0,0,0,0,0,0,0,0,0,0,0,0,0,0,0,0,0,0,0,0,0,1,0,0,0,0,0,0,0,0,0
"123",0,0,0,5,14,38,48,39,16,10,5,3,1,6,4,3,1,2,1,2,3,1,0,0,0,1,0,0,0,11,12,12,5,1,3,4,1,3,1,1,1,2,3,1,1,0,0,0
"124",0,0,0,1,0,3,3,7,1,2,1,1,2,2,1,2,2,3,0,0,0,0,0,2,0,0,0,0,1,0,1,1,0,6,1,1,1,0,0,1,0,0,0,0,0,0,0,0
"125",2,1,4,9,37,32,51,43,35,37,18,10,14,15,20,15,8,12,7,8,4,3,2,3,0,0,1,2,11,12,9,11,13,9,16,5,7,11,14,9,3,7,6,0,3,2,0,1
"126",0,0,0,0,0,1,0,1,0,0,0,0,0,0,0,0,0,1,0,0,0,0,0,0,0,0,0,0,0,1,0,0,0,0,0,0,0,0,0,0,0,0,0,0,0,0,0,0
"127",0,0,0,0,0,0,0,1,0,0,0,0,0,0,0,0,0,0,0,0,0,0,0,0,0,0,0,0,1,0,0,0,0,0,0,0,0,0,0,0,0,0,0,0,0,0,0,0
"128",3,2,11,85,130,184,212,272,145,106,70,93,120,120,104,100,92,132,104,33,24,14,21,9,2,3,3,29,42,52,82,63,69,53,35,55,29,50,45,25,28,38,21,17,9,6,8,9
"129",6,8,21,164,1508,2303,2552,2184,1569,1282,1113,1214,1323,1440,1447,1261,1016,853,660,347,155,57,50,14,5,1,13,63,278,379,537,581,548,463,413,392,419,485,464,354,307,288,216,107,32,10,6,6
"130",4,3,8,28,113,127,159,170,94,80,77,94,92,99,105,121,165,142,82,31,10,9,7,6,8,2,3,19,29,24,29,41,36,39,30,26,22,24,25,28,24,8,10,13,1,3,3,0
"131",1,0,1,3,10,5,9,3,5,3,5,1,2,5,5,5,3,10,2,0,1,0,1,0,0,0,0,4,1,2,1,1,3,0,0,0,0,1,1,3,1,1,1,0,0,0,1,0
"132",9,11,4,24,65,130,122,144,93,51,47,50,46,60,63,45,48,57,56,26,13,17,20,16,6,5,14,20,39,20,39,35,53,35,27,25,31,17,25,13,11,14,10,5,6,4,9,3
"133",0,0,0,0,0,0,0,0,0,0,0,0,0,0,0,0,0,0,0,0,0,0,0,0,0,0,0,0,0,0,0,0,0,0,0,0,0,0,0,0,0,0,0,0,0,0,0,0
"134",0,0,0,0,0,0,0,0,0,0,1,2,0,0,1,0,2,0,0,0,0,1,0,0,1,0,0,0,0,0,0,1,0,0,0,0,0,0,0,0,0,0,0,0,0,0,0,0
"135",0,0,0,0,0,2,2,2,0,0,0,0,0,1,0,2,0,0,0,0,0,0,0,0,0,0,0,1,0,1,1,0,0,0,0,0,0,1,1,0,1,0,0,0,0,0,0,0
"136",0,0,0,1,0,1,0,1,1,0,0,0,0,0,0,0,0,0,0,0,0,0,0,0,0,0,0,0,0,0,0,0,0,0,0,0,0,0,0,0,0,0,0,0,0,0,0,0
"137",4,1,3,31,159,236,321,291,185,116,83,85,139,143,168,166,125,109,64,43,19,11,7,1,1,1,0,10,35,39,66,79,76,48,45,42,61,47,43,35,40,28,21,10,6,0,2,1
"138",0,0,0,1,0,0,1,0,0,0,0,0,0,0,0,0,0,0,0,0,0,0,0,0,0,0,0,1,1,0,1,0,0,0,1,0,0,0,0,0,0,0,0,0,0,0,0,0
"139",0,0,0,0,2,2,0,0,0,0,0,1,0,0,0,0,0,0,0,0,0,1,0,0,0,0,0,0,0,1,0,0,1,0,0,0,0,0,0,0,0,0,0,0,0,0,0,0
"140",0,0,0,1,1,0,1,1,0,0,0,0,0,0,0,0,0,1,0,0,0,0,0,0,0,0,0,0,0,0,1,0,0,0,0,0,0,0,0,0,0,0,0,0,0,0,0,0
"141",0,0,0,0,0,1,1,1,0,0,0,0,0,0,0,0,0,0,0,0,0,0,0,0,0,0,0,0,0,0,0,0,0,0,0,0,0,0,0,0,0,0,0,0,0,0,0,0
"142",0,0,0,0,0,0,0,2,1,0,0,0,0,3,1,0,1,0,0,0,0,0,0,0,0,0,0,0,0,0,0,0,0,0,0,0,0,0,0,0,0,0,0,0,0,0,0,0
"143",0,0,0,0,0,1,0,0,1,0,0,0,0,0,0,0,0,0,0,0,1,0,0,0,0,0,0,0,0,0,0,0,0,0,0,0,0,0,0,0,0,0,0,0,0,0,0,0
"144",0,0,0,0,0,0,0,0,0,0,0,0,0,1,0,0,0,0,0,0,0,0,0,0,0,0,0,0,0,0,0,0,0,0,0,0,0,0,0,0,0,0,0,0,0,0,0,0
"145",0,0,0,0,0,0,0,0,0,0,0,0,0,0,0,0,0,0,0,0,0,0,0,0,0,0,0,0,0,0,0,0,0,0,0,0,0,0,0,0,0,0,0,0,0,0,0,0
"146",0,0,0,0,0,0,0,0,0,0,0,0,0,0,0,0,0,0,0,0,0,0,0,0,0,0,0,0,0,0,0,0,0,0,0,0,0,0,0,0,0,0,0,0,0,0,0,0
"147",0,0,0,0,0,0,1,1,0,0,0,0,0,0,0,0,0,0,0,0,0,0,0,0,0,0,0,1,0,1,0,0,0,0,0,0,0,0,0,0,0,0,0,0,0,0,0,0
"148",1,0,0,2,11,13,28,27,11,15,5,1,5,6,1,2,4,1,2,2,0,1,0,0,0,0,0,2,2,5,4,9,7,5,6,3,3,3,1,2,5,2,1,0,1,0,0,0
"149",0,0,0,0,0,0,0,0,0,0,0,0,0,0,0,0,0,0,0,0,0,0,0,0,0,0,0,0,0,0,0,0,0,0,0,0,0,0,0,0,0,0,0,0,0,0,0,0
"150",0,0,0,0,0,1,1,0,0,1,0,0,0,1,0,0,0,0,1,0,0,0,0,0,0,0,0,0,0,0,1,0,0,0,0,0,1,0,0,0,0,0,0,0,0,0,0,0
"151",0,0,0,0,0,0,0,0,0,0,0,0,0,0,0,0,0,0,0,0,0,0,0,0,0,0,0,0,0,0,0,0,0,0,0,0,0,0,0,0,0,0,0,0,0,0,0,0
"152",5,6,3,27,33,33,39,47,23,10,12,8,10,9,14,10,15,29,13,9,1,1,0,4,0,2,2,8,21,9,15,15,15,10,11,7,9,4,4,3,2,2,1,3,1,0,0,3
"153",2,3,1,3,9,11,17,16,9,10,4,3,6,6,11,14,10,16,11,2,4,3,1,6,1,1,0,5,5,6,7,7,8,3,3,3,4,8,1,5,3,3,1,0,2,1,2,0
"154",0,0,0,0,0,0,2,0,0,1,0,0,0,0,0,4,1,2,1,0,0,0,1,0,0,0,0,1,0,0,0,1,0,1,0,0,0,0,0,1,1,0,0,0,0,0,0,0
"155",0,0,0,0,0,0,0,0,0,0,0,0,0,0,1,0,0,0,0,0,0,0,0,0,0,0,0,0,0,1,0,0,0,0,0,0,0,0,0,0,0,0,0,0,0,0,0,0
"156",1,0,0,0,0,0,0,0,0,0,0,0,0,1,0,0,0,0,0,0,0,0,0,0,0,0,0,0,0,0,0,0,0,0,0,0,0,0,0,0,0,0,0,0,0,0,0,0
"157",18,21,14,43,88,93,105,127,59,40,33,58,47,50,60,53,74,63,43,31,15,23,23,28,9,14,17,16,56,32,44,38,46,28,26,18,20,22,24,13,18,25,17,12,15,14,10,12
"158",825,407,181,148,515,953,1131,1440,1459,1371,1483,1569,1647,1886,2161,2121,2328,2360,2263,1807,1461,1328,1322,1213,285,139,83,50,121,190,283,404,431,419,519,512,557,690,696,670,729,773,651,591,460,385,438,398
"159",0,0,0,0,6,0,0,0,0,0,0,0,0,0,0,0,0,0,0,0,0,0,0,0,0,0,0,0,1,0,0,0,0,0,0,0,0,0,0,0,0,0,0,0,0,0,0,0
"160",1,0,0,7,51,158,205,182,110,67,35,34,43,46,36,36,32,18,18,13,8,2,3,4,0,0,0,5,11,17,34,41,30,25,28,14,14,26,19,20,18,9,6,5,1,1,0,0
"161",0,0,1,3,70,168,261,225,133,70,26,32,42,30,26,35,20,22,17,6,4,1,1,0,0,0,1,1,13,13,33,50,44,37,24,32,24,25,11,19,12,14,8,6,2,0,1,0
"162",1,4,1,10,49,61,69,50,72,43,23,27,33,48,41,37,27,25,24,15,6,11,11,7,0,2,1,5,25,18,17,22,20,20,17,10,21,18,21,28,13,11,6,5,5,3,1,0
"163",2,0,2,21,58,78,72,82,59,27,22,28,31,27,23,15,13,20,22,11,1,3,2,2,1,0,1,10,30,29,21,29,22,11,18,8,11,13,14,5,4,8,1,1,2,0,0,1
"164",2,0,3,26,105,129,143,124,63,37,20,18,30,30,29,25,22,30,21,10,3,3,4,1,1,0,2,6,19,25,24,39,30,23,18,15,15,10,13,11,15,7,10,4,1,0,1,0
"165",0,0,0,0,0,0,0,0,0,0,0,0,0,0,0,0,0,0,0,0,0,0,0,0,0,0,0,0,0,0,0,0,0,0,0,0,0,0,0,0,0,0,0,0,0,0,0,0
"166",0,0,0,0,0,0,0,0,0,0,0,1,0,0,0,0,0,0,0,0,0,0,0,0,0,0,0,0,0,0,0,0,0,0,0,0,0,0,0,0,0,0,0,0,0,0,0,0
"167",0,0,0,1,0,1,0,0,0,0,0,0,0,0,0,0,0,0,0,0,0,0,0,0,0,0,0,0,0,0,0,0,1,0,0,0,1,0,0,0,1,1,0,0,0,0,0,0
"168",0,0,0,0,0,0,1,0,0,0,0,0,0,0,0,0,0,0,0,0,0,0,0,0,0,0,0,0,0,0,0,0,0,0,0,0,0,0,0,0,0,0,0,0,0,0,0,0
"169",0,0,0,0,0,0,2,0,1,1,0,1,0,0,3,0,0,0,0,1,0,0,0,0,0,0,0,0,0,0,0,0,0,0,0,1,0,0,0,0,0,0,0,0,0,0,0,0
"170",0,0,0,0,0,0,1,0,0,0,0,0,0,0,0,0,0,1,0,0,1,0,0,0,0,0,0,0,0,0,0,0,0,0,0,0,0,0,0,0,0,0,0,0,0,0,0,0
"171",0,0,0,1,0,0,0,0,0,0,0,0,1,0,0,0,0,1,0,0,0,0,0,0,0,0,0,0,0,0,0,0,0,0,0,0,0,0,0,0,0,0,0,0,0,0,0,0
"172",0,0,0,0,1,1,0,1,1,1,1,0,0,0,0,0,0,0,0,0,0,0,0,0,0,0,0,0,0,0,0,0,0,1,0,0,0,0,0,1,1,0,0,0,0,0,0,0
"173",0,0,0,4,5,7,6,8,5,2,0,1,6,0,5,1,3,1,0,0,4,0,1,0,0,1,0,1,4,3,5,5,1,3,5,0,2,0,1,1,2,2,1,0,0,0,0,0
"174",0,0,0,0,0,0,1,0,0,0,0,0,0,2,0,0,0,0,0,0,0,0,0,0,0,0,0,0,0,1,0,0,1,0,0,0,0,0,1,0,0,0,0,0,0,0,0,0
"175",0,1,6,36,165,274,288,265,136,82,65,80,84,113,75,75,56,67,44,36,24,9,5,5,0,0,1,22,50,44,81,82,78,50,53,41,42,43,38,39,25,19,17,13,8,1,1,0
"176",2,0,1,8,41,78,106,65,47,39,20,13,17,15,22,16,11,7,13,2,8,2,4,5,2,0,0,6,10,8,14,19,22,13,15,12,7,14,8,14,9,5,10,3,3,2,0,1
"177",0,0,1,1,0,1,2,6,2,3,1,2,0,1,2,2,0,2,0,1,0,0,0,0,0,0,0,1,3,0,1,0,0,2,1,0,0,2,2,0,0,0,0,0,0,0,0,0
"178",0,0,0,0,1,0,0,0,0,1,0,0,0,0,0,0,0,0,0,0,0,0,0,0,0,0,0,0,0,0,1,0,0,0,0,0,0,1,0,0,0,0,0,0,0,0,0,0
"179",11,13,13,117,1374,2510,3353,2786,2321,2080,1860,1661,1936,2328,2006,1723,1400,1293,778,410,178,68,29,17,5,4,13,34,188,364,637,714,717,703,641,609,635,785,741,561,473,343,234,121,33,11,5,1
"180",5,2,17,145,1023,1629,2069,1657,1319,1111,1022,1070,1104,1266,1227,1091,842,734,478,229,92,46,25,14,6,2,0,42,184,268,444,483,486,461,417,391,483,494,485,405,359,281,196,80,21,7,9,2
"181",3,0,5,45,280,347,385,334,218,177,164,189,188,226,220,197,151,113,91,45,15,8,4,6,4,0,0,15,78,85,101,130,90,83,66,63,66,63,71,49,49,45,32,23,14,4,2,0
"182",0,0,0,0,4,0,2,0,4,3,1,1,2,0,1,1,0,1,1,0,0,0,0,0,0,0,0,0,0,1,2,1,3,1,0,0,1,0,2,0,0,0,0,0,0,0,0,0
"183",2,0,1,0,1,5,2,6,2,8,2,7,8,3,8,7,9,6,4,3,3,3,8,2,1,1,1,2,0,1,2,2,2,1,0,5,3,5,1,2,3,2,2,4,1,4,2,2
"184",0,0,1,44,288,478,660,599,517,499,372,447,528,591,560,443,346,222,146,70,35,13,6,1,0,1,1,11,57,64,115,151,174,156,160,142,208,212,222,182,159,103,60,24,7,3,3,1
"185",0,0,0,0,0,0,0,0,0,0,0,0,0,0,1,0,0,0,0,0,0,0,0,0,0,0,0,1,0,0,0,0,0,0,0,0,0,0,0,0,0,0,0,0,0,0,0,0
"186",0,1,13,76,324,496,551,534,352,244,251,255,361,350,301,292,197,159,133,80,35,12,11,11,0,0,6,33,86,117,155,170,156,131,115,87,132,126,135,88,64,56,55,18,10,6,3,0
"187",7,3,15,209,1755,2850,3473,2857,2176,1959,1570,1474,1491,1457,1248,1085,880,676,514,302,114,64,38,21,5,8,5,61,300,449,707,761,771,704,566,625,693,698,651,536,481,402,279,140,40,7,8,5
"188",11,6,17,107,708,1024,1211,1004,746,688,484,486,546,583,577,519,376,327,275,167,72,31,20,14,8,6,6,58,203,148,264,256,255,234,214,222,235,298,276,258,247,201,124,73,27,7,4,2
"189",1,3,1,26,122,140,174,151,135,100,93,70,85,79,76,76,56,37,39,25,16,3,3,7,1,1,3,8,32,28,44,37,41,45,48,44,35,41,57,41,29,32,19,13,4,1,0,0
"190",0,1,0,3,11,9,15,9,15,6,3,8,9,3,7,7,3,4,2,1,1,2,1,0,0,0,0,1,10,0,4,3,2,0,5,1,4,4,5,5,2,3,7,2,2,2,0,0
"191",0,0,3,15,48,50,99,102,68,41,34,40,45,49,39,33,29,28,9,12,4,0,3,2,1,0,0,3,25,21,15,29,23,19,15,10,8,12,16,16,11,5,11,1,2,3,0,0
"192",0,0,0,1,0,1,1,1,0,0,1,0,1,0,0,0,1,3,1,0,0,0,0,0,0,0,0,0,0,0,0,0,0,0,1,1,0,0,1,1,1,0,0,0,0,0,1,0
"193",0,0,1,7,11,7,7,5,3,2,1,2,0,1,1,6,2,6,3,1,1,1,1,0,0,0,0,1,1,0,2,1,0,2,2,1,1,0,2,2,2,1,1,0,0,1,0,0
"194",0,0,0,0,0,0,1,0,0,0,2,0,0,0,1,1,0,0,1,2,0,0,0,0,0,0,0,0,0,0,0,0,0,0,0,0,0,0,0,0,0,0,0,0,0,0,0,0
"195",0,0,0,0,0,0,0,0,0,0,0,1,0,0,0,0,0,0,0,1,0,0,0,0,0,0,0,0,0,0,0,1,0,1,0,0,0,0,0,0,0,0,0,0,0,0,0,0
