"","X1","X2","X3","X4","X5","X6","X7","X8","X9","X10","X11","X12","X13","X14","X15","X16","X17","X18","X19","X20","X21","X22","X23","X24","X25","X26","X27","X28","X29","X30","X31","X32","X33","X34","X35","X36","X37","X38","X39","X40","X41","X42","X43","X44","X45","X46","X47","X48"
"1",NA,NA,NA,NA,3.89991133636229,3.79826606737374,3.86853014387704,3.84826183513426,4.36974211809104,4.2005359478595,3.71176105828855,4.26825812177692,4.16610575257394,3.90793046363887,3.46603881278539,3.66714879896977,4.37142857142857,4.99981606556895,3.8853219078253,4.61053557309064,NA,3.92926416133428,NA,NA,NA,NA,NA,NA,3.85338345864662,NA,3.79328100379447,3.75573394495413,3.8482325888763,3.85093167701863,3.90758588832169,3.91432175952129,3.93908839175209,3.75444214624608,4.17485742058057,3.84442797330541,5.0314465408805,NA,NA,4.67447390524619,3.02139037433155,NA,NA,NA
"2",NA,NA,NA,NA,NA,NA,NA,NA,NA,NA,NA,NA,NA,NA,NA,NA,NA,NA,NA,NA,NA,NA,NA,NA,NA,NA,NA,NA,NA,NA,NA,NA,NA,NA,NA,NA,NA,NA,NA,NA,NA,NA,NA,NA,NA,NA,NA,NA
"3",NA,NA,NA,NA,NA,NA,NA,NA,NA,NA,NA,NA,NA,NA,NA,NA,NA,NA,NA,NA,NA,NA,NA,NA,NA,NA,NA,NA,NA,NA,NA,NA,NA,NA,NA,NA,NA,NA,NA,NA,NA,NA,NA,NA,NA,NA,NA,NA
"4",NA,NA,NA,NA,NA,NA,NA,NA,NA,NA,NA,NA,NA,NA,NA,NA,NA,NA,NA,NA,NA,NA,NA,NA,NA,NA,NA,NA,NA,NA,NA,NA,NA,NA,NA,NA,NA,NA,3.74592833876222,NA,NA,NA,NA,NA,NA,NA,NA,NA
"5",NA,NA,NA,NA,NA,NA,NA,NA,NA,NA,NA,NA,NA,NA,NA,NA,NA,NA,NA,NA,NA,NA,NA,NA,NA,NA,NA,NA,NA,NA,NA,NA,NA,NA,NA,NA,NA,NA,NA,NA,NA,NA,NA,NA,NA,NA,NA,NA
"6",NA,NA,NA,NA,NA,NA,NA,NA,NA,NA,NA,NA,NA,NA,NA,NA,NA,NA,NA,NA,NA,NA,NA,NA,NA,NA,NA,NA,NA,NA,NA,NA,NA,NA,NA,NA,NA,NA,NA,NA,NA,NA,NA,NA,NA,NA,NA,NA
"7",NA,NA,NA,NA,NA,NA,NA,NA,NA,NA,NA,NA,NA,NA,NA,NA,NA,NA,NA,NA,NA,NA,NA,NA,NA,NA,NA,NA,NA,NA,NA,NA,NA,NA,NA,NA,NA,NA,NA,NA,NA,NA,6.96969696969697,NA,NA,NA,NA,NA
"8",NA,NA,NA,NA,NA,NA,7.13714010656875,NA,NA,NA,NA,NA,NA,NA,NA,NA,NA,NA,NA,NA,NA,NA,NA,NA,NA,NA,NA,NA,NA,NA,NA,NA,NA,NA,NA,NA,NA,NA,NA,NA,NA,NA,NA,NA,NA,NA,NA,NA
"9",NA,NA,NA,NA,NA,NA,NA,NA,NA,NA,NA,NA,NA,NA,NA,NA,3.72008324661811,NA,NA,NA,NA,NA,NA,NA,NA,NA,NA,NA,NA,NA,NA,NA,NA,NA,NA,6.36942675159236,NA,NA,NA,NA,NA,NA,NA,NA,NA,NA,NA,NA
"10",NA,NA,NA,NA,NA,NA,NA,NA,NA,NA,NA,NA,NA,NA,NA,NA,NA,NA,NA,NA,NA,NA,NA,NA,NA,NA,NA,NA,NA,NA,NA,NA,NA,NA,NA,NA,NA,NA,NA,NA,NA,NA,NA,NA,NA,NA,NA,NA
"11",NA,NA,NA,NA,NA,NA,NA,NA,NA,NA,NA,NA,NA,3.70283018867925,NA,NA,NA,NA,NA,NA,NA,NA,NA,NA,NA,NA,NA,NA,NA,NA,NA,3.6436170212766,NA,NA,NA,NA,NA,NA,NA,NA,NA,NA,NA,NA,NA,NA,NA,NA
"12",NA,NA,NA,NA,NA,NA,NA,NA,NA,NA,NA,NA,NA,NA,NA,NA,NA,NA,NA,3.68598761958357,NA,NA,7.63358778625954,NA,NA,NA,NA,NA,NA,NA,NA,NA,NA,NA,NA,NA,NA,NA,NA,NA,NA,NA,NA,NA,NA,NA,NA,NA
"13",NA,NA,NA,NA,NA,NA,NA,NA,NA,NA,NA,3.47931873479319,NA,NA,NA,3.39366515837104,NA,NA,NA,NA,NA,NA,NA,NA,NA,NA,NA,3.55427473583093,NA,NA,NA,NA,NA,NA,NA,NA,NA,NA,3.62781954887218,NA,NA,NA,NA,NA,NA,NA,NA,NA
"14",NA,NA,NA,NA,3.75323408372682,3.75537453264242,3.70757426774012,3.94829795059478,3.80100757256741,3.95196767425992,3.47835956416465,3.51441550279573,3.81798086576186,3.63329530983768,3.8974358974359,3.8683557352929,5.28062248995984,4.42424242424242,NA,3.36238299720158,3.99881516587678,NA,NA,NA,NA,NA,NA,3.90909090909091,3.80239520958084,NA,3.57563428907829,3.30052174968149,3.89937106918239,3.68196371398079,3.47652790079717,3.84514849781099,NA,NA,4.12920254402023,3.86822268151041,4.21501796660325,3.90948116797831,3.4972543646041,4.07573812580231,3.67114788004137,NA,NA,NA
"15",NA,NA,NA,NA,NA,NA,NA,NA,NA,NA,NA,NA,NA,NA,NA,NA,NA,NA,NA,NA,NA,NA,NA,NA,NA,NA,NA,NA,NA,NA,NA,NA,NA,NA,NA,NA,NA,NA,NA,NA,NA,NA,NA,NA,NA,NA,NA,NA
"16",NA,NA,NA,NA,NA,NA,3.71747211895911,NA,NA,NA,NA,NA,3.88073828679602,NA,NA,NA,NA,NA,4.4051353697284,NA,NA,NA,NA,4.03272939801286,NA,NA,3.62862862862863,NA,NA,3.55218030377266,NA,NA,4.25531914893617,NA,NA,NA,NA,NA,NA,NA,NA,NA,NA,NA,NA,NA,NA,NA
"17",NA,NA,NA,3.58120437956204,3.8296145882161,3.72352525539798,3.77764061620519,3.72356642128682,3.48222513215966,3.54852501068833,4.13461538461539,NA,4.12612599053269,4.13123715702999,3.80810688195139,4.11692223439211,3.77187428406685,NA,4.40647482014388,4.01234567901235,NA,NA,NA,NA,NA,NA,NA,NA,2.68138444165483,3.71920133452348,3.53686598092985,3.59173185722507,3.81796205693926,3.5974851573877,4.07303370786517,3.48171000440723,NA,4.16666666666667,3.60696164337828,3.69572738280574,NA,3.98470418470418,3.42465753424658,NA,4.08333333333333,NA,NA,NA
"18",3.97560975609756,NA,NA,3.73797481036772,3.98787796332425,3.89797871501208,3.86125222432504,3.92706169585349,3.88871108917639,4.05592105263158,3.65782044837428,4.21761813702286,4.05664479898213,4.02028507761406,4.15842246676865,4.67193868637909,4.35231674141452,5.09241755743319,4.56889758987472,4.07090997309686,NA,NA,4.99981364491903,NA,NA,NA,NA,3.44152433909592,3.86475665393237,3.88750938402512,3.75739644970414,3.86100670432731,3.72093023255814,3.96818371525536,3.87092362982105,4.06871890547264,3.75604084844921,4.0971793213415,3.7753753580605,4.16107382550336,4.21193909191156,3.07639817290553,4.14331744556825,3.95815194003263,3.60091743119266,NA,NA,NA
"19",NA,NA,2.59618976466193,NA,NA,NA,3.44277245782034,NA,3.47826086956522,NA,NA,NA,NA,NA,NA,NA,NA,3.50220264317181,NA,NA,NA,NA,NA,NA,NA,NA,NA,NA,NA,NA,3.45622119815668,NA,NA,NA,3.73955125384954,NA,NA,NA,NA,NA,NA,NA,NA,NA,NA,NA,NA,NA
"20",NA,NA,NA,NA,NA,3.55392156862745,2.67699115044248,NA,NA,NA,3.47132384648555,NA,NA,NA,NA,NA,NA,NA,NA,NA,NA,NA,NA,NA,NA,NA,NA,NA,NA,3.39912280701754,NA,NA,NA,NA,NA,NA,NA,NA,NA,NA,NA,NA,NA,NA,NA,NA,NA,NA
"21",NA,NA,3.89390519187359,NA,3.37917485265226,NA,NA,NA,NA,NA,NA,NA,NA,NA,NA,NA,3.71049015116812,3.57445008460237,NA,NA,NA,NA,NA,NA,NA,NA,NA,NA,NA,NA,3.83344348975545,NA,NA,NA,NA,NA,NA,NA,3.36016096579477,3.79260681709073,NA,NA,NA,NA,NA,NA,NA,NA
"22",NA,NA,NA,NA,NA,3.50761848145927,NA,NA,NA,NA,NA,NA,NA,NA,NA,NA,NA,NA,NA,NA,NA,NA,NA,NA,NA,NA,NA,NA,NA,NA,NA,NA,NA,NA,NA,NA,NA,NA,NA,NA,NA,NA,NA,NA,NA,NA,NA,NA
"23",NA,NA,NA,NA,NA,NA,NA,NA,NA,NA,NA,NA,NA,NA,NA,NA,4.16397675919948,NA,NA,NA,NA,NA,NA,NA,NA,NA,NA,NA,NA,NA,NA,NA,NA,NA,NA,NA,NA,NA,NA,NA,NA,NA,NA,NA,NA,NA,NA,NA
"24",NA,NA,NA,NA,NA,NA,NA,NA,NA,NA,NA,NA,NA,4.71527022125499,NA,NA,NA,NA,NA,NA,NA,NA,NA,NA,NA,NA,NA,NA,NA,NA,NA,NA,NA,NA,NA,NA,NA,NA,NA,NA,NA,3.15705128205128,NA,NA,NA,NA,NA,NA
"25",NA,NA,NA,3.37606837606838,NA,NA,NA,NA,NA,NA,NA,NA,NA,NA,NA,NA,NA,NA,NA,NA,NA,NA,NA,NA,NA,NA,NA,NA,NA,NA,NA,NA,NA,NA,NA,NA,NA,NA,NA,NA,NA,NA,NA,NA,NA,NA,NA,NA
"26",NA,NA,NA,NA,NA,NA,NA,NA,NA,NA,NA,NA,3.86915230390433,NA,NA,4.19720186542305,NA,NA,NA,NA,NA,NA,NA,NA,NA,NA,NA,NA,NA,NA,NA,4.67613439556633,NA,NA,NA,NA,NA,NA,NA,NA,NA,NA,NA,NA,NA,NA,NA,NA
"27",NA,NA,NA,NA,NA,NA,NA,NA,NA,NA,NA,NA,NA,NA,NA,NA,NA,NA,NA,NA,NA,NA,NA,NA,NA,NA,NA,NA,NA,NA,NA,NA,NA,NA,NA,NA,NA,NA,NA,NA,NA,NA,NA,NA,NA,NA,NA,NA
"28",NA,NA,NA,NA,3.84615384615385,NA,NA,NA,3.51769011793412,NA,NA,NA,2.75,NA,3.64864864864865,NA,NA,NA,NA,NA,NA,NA,NA,NA,NA,3.73297002724796,NA,NA,NA,NA,NA,NA,NA,NA,NA,NA,NA,NA,NA,NA,NA,NA,NA,NA,NA,NA,NA,NA
"29",NA,NA,NA,NA,3.7007874015748,3.71915301372452,NA,3.60666268468326,NA,NA,NA,NA,NA,NA,NA,NA,NA,3.63636363636364,NA,NA,NA,NA,NA,NA,NA,NA,NA,NA,3.61538461538462,NA,NA,3.6904259805989,NA,NA,NA,NA,NA,NA,NA,4.5,NA,NA,NA,NA,NA,3.7597911227154,NA,NA
"30",NA,NA,NA,NA,NA,NA,NA,NA,NA,NA,NA,NA,NA,NA,NA,NA,NA,NA,NA,NA,NA,NA,NA,NA,NA,NA,NA,NA,3.60824742268041,NA,NA,NA,NA,NA,NA,NA,NA,NA,3.88613861386139,NA,NA,NA,NA,NA,NA,NA,NA,NA
"31",NA,NA,NA,NA,3.79939209726444,3.88198757763975,3.8546866333888,3.92263548572189,NA,3.77969762419007,NA,4.77237256921684,NA,NA,NA,NA,NA,NA,3.78378378378378,NA,NA,NA,NA,NA,NA,NA,NA,NA,NA,NA,3.76506024096386,3.72890582471421,3.68763557483731,NA,NA,NA,NA,NA,NA,NA,NA,3.52523988318732,NA,NA,3.64500792393027,NA,NA,NA
"32",NA,3.87346675274371,NA,NA,3.66477272727273,3.82644452967967,3.84930640503949,3.94502178645953,4.33651254405971,4.18300653594771,5.00667556742323,NA,NA,4.02684563758389,4.17197452229299,3.93258426966292,NA,3.9041464728056,NA,NA,3.86574551267446,NA,3.89397905759162,NA,NA,3.77574370709382,NA,NA,2.86549707602339,NA,NA,3.85097056981841,3.95973154362416,NA,NA,2.94797687861272,3.91666666666667,4.11575562700965,4.12318106465279,NA,NA,NA,NA,NA,NA,5.95238095238095,NA,NA
"33",NA,NA,NA,2.90396779758482,3.87257963772642,NA,3.8841080105928,NA,3.83254716981132,4.09634425124375,NA,NA,NA,3.83333333333333,NA,NA,NA,4.20731707317073,NA,NA,NA,NA,NA,NA,NA,NA,NA,NA,NA,NA,NA,3.63493723849372,NA,NA,3.7431693989071,4.01369010578718,NA,NA,NA,4.4973544973545,NA,NA,NA,NA,4.05620360551432,NA,NA,NA
"34",NA,NA,NA,4.09090909090909,NA,NA,NA,NA,NA,4.125,NA,NA,NA,3.80697050938338,NA,4.38888888888889,NA,NA,4.4478527607362,NA,NA,NA,NA,NA,NA,NA,NA,NA,NA,NA,NA,NA,NA,NA,NA,NA,NA,NA,NA,NA,NA,NA,NA,NA,NA,NA,NA,NA
"35",NA,NA,NA,3.81332274871088,3.96584084491063,3.77501282214744,3.8838253568662,4.02366186823862,3.96313866242805,3.92255545116269,NA,NA,4.36305732484076,4.07558266784785,4.58138945328774,4.58319801585298,4.43011408481022,NA,4.51351351351351,4.03148132438007,NA,3.89240506329114,5.26623756582797,7.52558699578567,NA,NA,3.77039954980304,3.76653395082295,3.85652173913043,4.54289179255866,3.77621485502254,3.9101841099414,3.84995646735665,4.28125,3.42200022805647,3.97707426817238,4.04624277456647,4.26031167735649,4.12652014745004,3.29249744110571,4.25132465878097,4.19129500268673,5.11363636363636,NA,NA,4.00222345747638,NA,NA
"36",NA,NA,NA,2.96296296296296,NA,3.85765550239234,3.5698348951361,3.92549252726611,4.08911449520587,NA,NA,NA,NA,4.4047619047619,NA,3.97058823529412,NA,NA,NA,NA,NA,NA,NA,NA,NA,NA,NA,NA,NA,3.69318181818182,NA,NA,3.77659574468085,NA,NA,NA,NA,3.84615384615385,NA,NA,NA,4.149377593361,NA,NA,NA,NA,NA,NA
"37",NA,NA,NA,3.92523364485981,3.64583333333333,3.65984930032293,3.6136041568257,NA,3.93593919652552,4.08159374008425,4.08602150537634,3.59281437125749,NA,NA,3.95152792413066,4.17095630290551,NA,NA,NA,NA,NA,NA,NA,NA,NA,NA,NA,3.72881355932203,3.50806066084598,NA,NA,3.86904761904762,NA,NA,NA,NA,3.90319639763066,NA,3.73762376237624,4.035642089584,3.70573659765649,NA,NA,NA,NA,NA,NA,NA
"38",NA,NA,3.83333333333333,NA,NA,NA,NA,3.91741662255161,NA,NA,NA,NA,NA,NA,NA,NA,NA,NA,NA,NA,NA,NA,NA,NA,NA,NA,NA,NA,NA,NA,NA,NA,NA,NA,NA,NA,NA,NA,NA,NA,NA,NA,NA,NA,NA,NA,NA,NA
"39",NA,NA,NA,4.3757292882147,NA,3.90243902439024,NA,NA,NA,4.35028248587571,NA,NA,NA,NA,NA,NA,NA,NA,NA,NA,NA,NA,NA,NA,NA,NA,NA,4.25531914893617,3.70649995674206,NA,3.75453133091662,NA,NA,3.80404812633162,NA,NA,NA,NA,NA,4.22822210901681,NA,NA,NA,NA,NA,NA,NA,NA
"40",NA,NA,NA,NA,NA,NA,NA,NA,NA,NA,NA,NA,NA,NA,NA,NA,NA,NA,NA,NA,NA,NA,NA,NA,NA,NA,NA,NA,NA,NA,NA,NA,NA,NA,NA,NA,NA,NA,NA,NA,NA,NA,NA,NA,NA,NA,NA,NA
"41",NA,NA,NA,NA,NA,NA,NA,NA,NA,NA,NA,NA,NA,NA,NA,NA,NA,NA,NA,NA,NA,NA,NA,NA,NA,NA,NA,NA,NA,NA,NA,NA,NA,NA,NA,NA,NA,NA,NA,NA,NA,NA,NA,NA,NA,NA,NA,NA
"42",NA,NA,NA,NA,NA,NA,NA,NA,NA,NA,NA,NA,NA,NA,NA,3.20557491289199,NA,NA,NA,NA,NA,NA,NA,NA,NA,NA,NA,NA,NA,NA,NA,NA,NA,NA,NA,NA,NA,NA,NA,NA,NA,NA,NA,NA,NA,NA,NA,NA
"43",NA,NA,NA,NA,NA,NA,NA,NA,NA,NA,NA,NA,NA,NA,NA,NA,NA,NA,NA,NA,NA,NA,NA,NA,NA,NA,NA,NA,NA,NA,NA,NA,NA,NA,NA,NA,NA,NA,NA,NA,NA,NA,NA,NA,NA,NA,NA,NA
"44",NA,NA,NA,NA,NA,NA,NA,NA,NA,NA,NA,NA,NA,NA,NA,NA,NA,NA,NA,NA,NA,NA,NA,NA,NA,NA,NA,NA,NA,NA,NA,NA,NA,NA,NA,NA,NA,NA,NA,NA,NA,NA,NA,NA,NA,NA,NA,NA
"45",NA,NA,NA,NA,NA,NA,NA,NA,NA,NA,NA,NA,NA,2.72822665267576,NA,NA,NA,NA,NA,NA,NA,NA,NA,NA,NA,NA,NA,NA,NA,NA,NA,NA,NA,NA,NA,NA,NA,NA,NA,NA,NA,NA,NA,NA,NA,NA,NA,NA
"46",NA,NA,NA,NA,NA,3.86503067484663,NA,3.75647668393782,NA,4.0070564516129,NA,NA,NA,3.02702702702703,4.09356725146199,4.1135573580533,3.38440111420613,NA,3.02690582959641,NA,3.68217054263566,NA,NA,NA,NA,NA,4.45859872611465,NA,NA,NA,NA,NA,NA,4.1566265060241,4.01035534220934,NA,NA,NA,6.54761904761905,4.01548139882056,3.26261537470932,NA,4.5398773006135,NA,NA,NA,NA,NA
"47",NA,NA,NA,NA,NA,NA,NA,NA,NA,NA,NA,NA,NA,NA,NA,NA,NA,NA,NA,NA,NA,NA,NA,NA,NA,NA,NA,NA,NA,NA,NA,NA,NA,NA,NA,NA,NA,NA,NA,NA,NA,NA,NA,NA,NA,NA,NA,NA
"48",NA,NA,NA,NA,NA,NA,NA,NA,NA,NA,NA,NA,NA,NA,NA,NA,NA,NA,NA,NA,NA,NA,NA,3.24652777777778,NA,NA,NA,NA,NA,NA,NA,NA,NA,NA,NA,NA,NA,NA,NA,NA,NA,NA,NA,NA,NA,NA,NA,NA
"49",NA,NA,NA,NA,NA,NA,NA,NA,NA,NA,NA,NA,NA,NA,NA,NA,NA,NA,NA,NA,NA,NA,NA,NA,NA,NA,NA,NA,NA,NA,NA,NA,NA,NA,NA,NA,NA,NA,NA,NA,NA,NA,NA,NA,NA,NA,NA,NA
"50",NA,NA,NA,NA,NA,NA,NA,NA,NA,NA,NA,NA,NA,NA,NA,NA,NA,NA,NA,NA,NA,NA,NA,NA,NA,NA,NA,NA,NA,NA,NA,NA,NA,NA,NA,NA,NA,NA,NA,NA,NA,NA,NA,NA,NA,NA,NA,NA
"51",NA,NA,NA,NA,NA,NA,NA,NA,NA,NA,NA,NA,NA,4.10732984293194,NA,NA,NA,NA,NA,NA,NA,NA,NA,NA,NA,NA,NA,NA,NA,NA,NA,NA,NA,NA,NA,NA,NA,NA,NA,NA,NA,NA,NA,NA,NA,NA,NA,NA
"52",NA,NA,NA,NA,NA,NA,NA,NA,NA,NA,NA,NA,NA,NA,NA,NA,NA,NA,NA,NA,NA,NA,NA,NA,NA,NA,NA,NA,NA,NA,NA,NA,NA,NA,NA,NA,NA,NA,NA,NA,NA,NA,NA,NA,NA,NA,NA,NA
"53",NA,NA,NA,NA,NA,NA,NA,NA,NA,NA,NA,NA,NA,NA,NA,NA,NA,NA,NA,NA,NA,NA,NA,NA,NA,NA,NA,NA,NA,NA,NA,NA,NA,NA,NA,NA,NA,NA,NA,NA,NA,NA,NA,NA,NA,NA,NA,NA
"54",NA,NA,NA,NA,NA,NA,NA,NA,NA,NA,NA,NA,NA,NA,NA,NA,NA,NA,NA,NA,NA,NA,NA,NA,NA,NA,NA,NA,NA,NA,NA,NA,NA,NA,NA,NA,3.71376811594203,NA,NA,NA,NA,NA,NA,NA,NA,NA,NA,NA
"55",NA,NA,NA,NA,NA,NA,NA,NA,NA,NA,NA,NA,NA,NA,NA,NA,NA,NA,NA,NA,NA,NA,NA,NA,NA,NA,NA,NA,NA,NA,NA,NA,NA,NA,NA,NA,NA,NA,NA,NA,NA,NA,NA,NA,NA,NA,NA,NA
"56",NA,NA,NA,NA,NA,NA,NA,NA,NA,NA,NA,NA,NA,NA,NA,NA,NA,NA,NA,NA,NA,NA,NA,NA,NA,NA,NA,NA,NA,NA,NA,NA,NA,NA,NA,NA,NA,NA,NA,NA,NA,NA,NA,NA,NA,NA,NA,NA
"57",NA,NA,NA,NA,NA,NA,NA,NA,NA,NA,NA,NA,NA,NA,NA,NA,NA,NA,NA,NA,NA,NA,NA,NA,NA,NA,NA,NA,NA,NA,NA,NA,NA,NA,NA,NA,NA,NA,NA,NA,NA,NA,NA,NA,NA,NA,NA,NA
"58",NA,NA,NA,NA,NA,NA,NA,NA,NA,NA,NA,NA,NA,NA,NA,NA,NA,NA,NA,NA,NA,NA,NA,NA,NA,NA,NA,NA,NA,NA,NA,NA,NA,NA,NA,NA,NA,NA,NA,NA,NA,NA,NA,NA,NA,NA,NA,NA
"59",NA,NA,NA,NA,NA,NA,NA,NA,NA,NA,NA,NA,NA,NA,NA,NA,NA,NA,NA,NA,NA,NA,NA,NA,NA,NA,NA,NA,NA,NA,NA,NA,NA,NA,NA,NA,NA,NA,NA,NA,NA,NA,NA,NA,NA,NA,NA,NA
"60",NA,NA,NA,NA,NA,NA,NA,NA,NA,NA,NA,NA,NA,NA,NA,NA,NA,NA,NA,NA,NA,NA,NA,NA,NA,NA,NA,NA,NA,NA,NA,NA,NA,NA,NA,NA,NA,NA,NA,NA,NA,NA,NA,NA,NA,NA,NA,NA
"61",NA,NA,NA,NA,NA,NA,NA,NA,NA,NA,NA,NA,NA,NA,NA,NA,NA,NA,NA,NA,NA,NA,NA,NA,NA,NA,NA,NA,NA,NA,NA,NA,NA,NA,NA,NA,NA,NA,NA,NA,NA,NA,NA,NA,NA,NA,NA,NA
"62",NA,NA,NA,NA,NA,NA,NA,NA,NA,NA,NA,NA,NA,NA,NA,NA,NA,NA,NA,NA,NA,NA,NA,NA,NA,NA,NA,NA,NA,NA,NA,NA,NA,NA,NA,NA,NA,NA,NA,NA,NA,NA,NA,NA,NA,NA,NA,NA
"63",NA,NA,NA,NA,NA,NA,NA,NA,NA,NA,NA,NA,NA,NA,NA,NA,NA,NA,NA,NA,NA,NA,NA,NA,NA,NA,NA,NA,NA,NA,NA,NA,NA,NA,NA,NA,NA,NA,NA,NA,NA,NA,NA,NA,NA,NA,NA,NA
"64",NA,NA,NA,NA,NA,NA,NA,NA,NA,NA,NA,NA,NA,NA,3.30739299610895,NA,NA,NA,NA,NA,NA,NA,NA,NA,NA,NA,NA,NA,NA,NA,NA,NA,NA,NA,NA,NA,NA,NA,NA,NA,NA,NA,NA,NA,NA,NA,NA,NA
"65",NA,NA,NA,NA,NA,NA,NA,NA,NA,NA,NA,3.3273381294964,NA,NA,NA,NA,NA,NA,NA,NA,NA,NA,NA,NA,NA,NA,NA,NA,NA,NA,NA,NA,NA,NA,NA,NA,NA,NA,NA,NA,NA,NA,NA,NA,NA,NA,NA,NA
"66",NA,NA,NA,NA,NA,NA,NA,NA,NA,NA,NA,NA,NA,NA,NA,NA,NA,NA,NA,NA,NA,NA,NA,NA,NA,NA,NA,NA,NA,NA,NA,NA,NA,NA,NA,NA,NA,NA,NA,NA,NA,NA,NA,NA,NA,NA,NA,NA
"67",NA,NA,NA,NA,NA,NA,NA,NA,NA,NA,NA,NA,NA,NA,NA,NA,NA,NA,NA,NA,NA,NA,NA,NA,NA,NA,NA,NA,NA,NA,NA,NA,NA,NA,NA,NA,NA,NA,NA,NA,NA,NA,NA,NA,NA,NA,NA,NA
"68",NA,NA,NA,NA,NA,NA,NA,NA,NA,NA,NA,NA,NA,NA,NA,NA,NA,NA,NA,3.31772053083528,NA,NA,NA,NA,NA,NA,NA,NA,NA,NA,NA,NA,3.28185328185328,NA,NA,NA,NA,NA,NA,NA,NA,NA,NA,NA,NA,NA,NA,NA
"69",NA,NA,NA,NA,NA,NA,NA,NA,NA,NA,NA,NA,NA,NA,NA,NA,NA,NA,NA,NA,NA,NA,NA,NA,NA,NA,NA,NA,NA,NA,NA,NA,NA,NA,NA,NA,NA,NA,NA,NA,NA,NA,NA,NA,NA,NA,NA,NA
"70",NA,NA,NA,NA,NA,NA,NA,NA,NA,NA,NA,NA,NA,NA,NA,NA,NA,NA,NA,NA,NA,NA,NA,NA,NA,NA,NA,NA,NA,NA,NA,NA,NA,NA,NA,NA,NA,NA,NA,NA,NA,NA,NA,NA,NA,NA,NA,NA
"71",NA,NA,NA,NA,NA,NA,NA,NA,NA,NA,NA,NA,3.43396226415094,NA,NA,NA,NA,NA,NA,NA,NA,NA,NA,NA,NA,NA,NA,NA,NA,NA,NA,NA,NA,NA,NA,NA,NA,NA,NA,NA,NA,NA,3.35205992509363,NA,NA,NA,NA,NA
"72",NA,NA,NA,NA,NA,NA,NA,NA,NA,NA,NA,NA,NA,NA,NA,NA,NA,NA,NA,NA,NA,NA,NA,NA,NA,NA,NA,NA,NA,NA,NA,NA,NA,NA,NA,NA,NA,NA,NA,NA,NA,NA,NA,NA,NA,NA,NA,NA
"73",NA,NA,NA,NA,NA,NA,NA,NA,NA,NA,NA,NA,NA,NA,NA,NA,NA,NA,NA,NA,NA,NA,NA,NA,NA,NA,NA,NA,NA,NA,NA,NA,NA,NA,NA,NA,NA,NA,NA,NA,NA,NA,NA,NA,NA,NA,NA,NA
"74",NA,NA,NA,NA,NA,NA,NA,NA,NA,NA,NA,NA,NA,NA,NA,NA,NA,NA,NA,NA,NA,NA,NA,NA,NA,NA,NA,NA,NA,NA,NA,NA,NA,NA,NA,NA,NA,NA,NA,NA,NA,NA,NA,NA,NA,NA,NA,NA
"75",NA,NA,NA,NA,NA,NA,NA,NA,3.25972660357518,NA,NA,NA,NA,NA,NA,NA,NA,NA,NA,2.61363636363636,NA,NA,NA,NA,NA,NA,NA,NA,NA,NA,NA,NA,NA,NA,NA,NA,NA,NA,NA,NA,NA,NA,NA,NA,NA,NA,NA,NA
"76",NA,NA,NA,NA,NA,NA,NA,NA,NA,NA,NA,NA,NA,NA,NA,NA,NA,NA,NA,NA,NA,NA,NA,NA,NA,NA,NA,NA,NA,NA,NA,NA,NA,NA,NA,NA,NA,NA,NA,NA,NA,NA,NA,NA,NA,NA,NA,NA
"77",NA,NA,NA,NA,NA,NA,NA,NA,NA,NA,NA,NA,NA,NA,NA,NA,NA,NA,NA,NA,NA,NA,NA,NA,NA,NA,NA,NA,NA,NA,NA,NA,NA,NA,NA,NA,NA,NA,NA,NA,NA,NA,NA,NA,NA,NA,NA,NA
"78",NA,NA,NA,3.24698367636622,NA,NA,NA,NA,NA,NA,NA,NA,NA,NA,NA,NA,NA,NA,NA,NA,NA,NA,NA,NA,NA,NA,NA,NA,NA,NA,NA,NA,NA,NA,NA,NA,NA,NA,NA,NA,NA,NA,NA,NA,NA,NA,NA,NA
"79",NA,NA,NA,NA,NA,NA,NA,NA,NA,NA,NA,NA,NA,NA,NA,NA,NA,NA,NA,NA,NA,NA,NA,NA,NA,NA,NA,NA,NA,NA,NA,NA,NA,NA,NA,NA,NA,NA,NA,NA,NA,NA,NA,NA,NA,NA,NA,NA
"80",NA,NA,NA,NA,NA,NA,NA,NA,NA,NA,NA,NA,NA,3.91176470588235,NA,NA,NA,NA,NA,NA,NA,NA,NA,NA,NA,NA,NA,NA,NA,NA,NA,NA,NA,NA,NA,NA,NA,NA,NA,NA,NA,NA,NA,NA,NA,NA,NA,NA
"81",NA,NA,NA,NA,NA,NA,NA,NA,NA,NA,NA,NA,NA,NA,NA,NA,NA,NA,NA,NA,NA,NA,NA,NA,NA,NA,NA,NA,NA,NA,NA,NA,NA,NA,NA,NA,NA,NA,NA,NA,NA,NA,NA,NA,NA,NA,NA,NA
"82",NA,NA,NA,NA,NA,NA,NA,NA,NA,NA,NA,NA,NA,NA,NA,NA,NA,NA,NA,NA,NA,NA,NA,NA,NA,NA,NA,NA,NA,NA,NA,NA,NA,NA,NA,NA,NA,NA,NA,NA,NA,NA,NA,NA,NA,NA,NA,NA
"83",NA,NA,NA,NA,NA,NA,NA,NA,NA,NA,NA,NA,NA,NA,NA,NA,NA,NA,NA,NA,NA,NA,NA,NA,NA,NA,NA,NA,NA,NA,NA,NA,NA,NA,NA,NA,NA,NA,NA,NA,NA,NA,NA,NA,NA,NA,NA,NA
"84",NA,NA,NA,NA,NA,NA,NA,NA,NA,NA,NA,NA,NA,NA,NA,NA,NA,NA,NA,NA,NA,NA,NA,NA,NA,NA,NA,NA,NA,NA,NA,NA,NA,NA,NA,NA,NA,NA,NA,NA,NA,NA,NA,NA,NA,NA,NA,NA
"85",NA,NA,NA,NA,NA,NA,NA,NA,NA,NA,NA,NA,NA,NA,NA,NA,NA,NA,NA,NA,NA,NA,NA,NA,NA,NA,NA,NA,NA,NA,NA,NA,NA,NA,NA,NA,NA,NA,NA,NA,NA,NA,NA,NA,NA,NA,NA,NA
"86",NA,NA,NA,NA,NA,NA,NA,NA,NA,3.61655773420479,NA,NA,NA,NA,NA,NA,NA,NA,NA,NA,NA,NA,NA,NA,NA,NA,NA,NA,NA,NA,NA,NA,NA,3.33719135802469,3.13111545988258,NA,NA,NA,NA,NA,NA,NA,NA,NA,NA,NA,NA,NA
"87",NA,NA,NA,NA,NA,NA,NA,NA,NA,NA,NA,NA,NA,NA,NA,NA,NA,NA,NA,NA,NA,NA,NA,NA,NA,NA,NA,NA,NA,NA,NA,NA,NA,NA,NA,NA,NA,NA,NA,NA,NA,NA,NA,NA,NA,NA,NA,NA
"88",NA,NA,NA,NA,NA,NA,NA,NA,NA,NA,NA,NA,NA,NA,NA,NA,NA,NA,NA,NA,NA,NA,NA,NA,NA,NA,NA,NA,NA,NA,NA,NA,NA,NA,NA,NA,NA,NA,NA,NA,NA,NA,NA,NA,NA,NA,NA,NA
"89",NA,NA,NA,NA,NA,NA,NA,NA,NA,NA,NA,NA,NA,4.04639175257732,NA,NA,NA,NA,NA,NA,NA,NA,NA,NA,NA,NA,NA,NA,NA,NA,NA,NA,NA,NA,NA,NA,NA,NA,NA,NA,NA,NA,NA,NA,NA,NA,NA,NA
"90",NA,NA,NA,NA,NA,NA,NA,3.42486213235294,3.32581736189402,NA,NA,3.32688588007737,NA,NA,NA,NA,NA,NA,NA,NA,NA,NA,NA,NA,NA,NA,NA,NA,NA,NA,3.36734693877551,NA,NA,NA,NA,NA,NA,3.16812165587159,3.3026113671275,NA,NA,NA,NA,3.30677290836653,NA,NA,NA,NA
"91",3.57476635514019,NA,NA,NA,3.39382853140508,NA,3.35900800338538,3.43054229467923,3.41711857140921,3.73155660864414,NA,3.48995720128938,NA,3.37846550612508,3.39137765516803,3.81145692377086,3.68493677273898,3.47834781730777,3.42501078714314,NA,NA,NA,3.61827227498869,NA,NA,NA,NA,3.38223308883456,3.44112769485904,NA,3.31417624521073,3.41879060818159,3.02278275230105,NA,3.29588014981273,3.58459852782792,NA,3.41488118426178,3.65618315173363,3.38582677165354,3.5893918609968,NA,3.3880458131855,3.50759387072008,NA,NA,NA,NA
"92",NA,NA,3.45854328905176,3.35279441799133,3.3488918304475,3.39655041757524,3.4124944033025,3.44288852603578,3.49619004930524,3.28725467412185,NA,3.4349593495935,3.37944664031621,3.38302449730745,3.484886540347,3.4705352006726,4.57142857142857,3.70454545454545,4.16299559471366,2.99148916523024,NA,3.26848249027237,NA,NA,NA,NA,NA,3.42284505901652,3.38027323536548,3.44434306569343,3.45060893098782,NA,NA,3.38865881425686,NA,3.26007326007326,NA,3.60337368902595,3.53211009174312,3.3739837398374,NA,3.45619524405507,3.31167572838975,3.81258612769867,NA,NA,NA,NA
"93",NA,NA,NA,3.54958062770563,NA,3.44128658368079,3.30584508231332,3.389879930162,NA,3.62959516053979,3.53603603603604,3.70646766169154,3.80029806259314,3.5483712380301,3.44452032637217,NA,NA,3.6094674556213,2.64705882352941,NA,NA,2.74223034734918,NA,NA,NA,NA,NA,3.32669322709163,3.51543942992874,3.44907407407407,NA,0,NA,3.52609308885755,NA,3.48889096340553,NA,NA,NA,3.3399209486166,NA,3.31159236744343,3.55299142552484,NA,NA,NA,NA,NA
"94",3.61204963226293,3.32661290322581,3.52930221495866,5.71159104188285,3.46530365170693,3.4997158776216,3.46090913083502,3.59346936407949,3.6265536751591,3.64495260664767,3.53844761148773,3.61135243885631,3.54875973141179,3.54682904374109,3.59237062973229,3.61710406500752,3.58876981081645,3.56635753971284,3.88859536011646,3.66735213475188,3.5428127085031,3.5797255531837,3.25704225352113,3.57468123861566,NA,3.65147305086929,2.66169154228856,3.43821688412165,3.51929001631117,3.45659693832596,3.51399135267723,3.49509085757813,3.5214175288944,3.47102318114486,3.47982271144909,3.60578501380651,3.48840603094418,3.52214921012207,3.61136615140958,3.64496463447643,3.73897967623401,3.57173875629855,3.55502103662607,3.71678948404178,3.79489643759104,3.69390539721043,NA,3.57019641578652
"95",NA,NA,3.57000663570007,NA,3.4796990699973,3.47387409825427,3.50214170736978,3.38500056647575,3.42118725598134,3.44547525290865,3.60800744878957,3.52737220938839,3.4476112914333,3.4256703801227,3.64357428790086,3.56418539476561,3.69695399565099,3.72225701404214,3.3456561922366,3.33955223880597,NA,NA,NA,NA,NA,NA,NA,3.48456501403181,3.55028978507607,3.40767858819112,3.47232181857785,3.38111936985879,3.59670121236077,3.51529109464814,NA,3.58748447476773,3.50577659923653,3.66370694620075,3.53105991526024,3.73698435787126,3.36739939311529,3.38655754080128,3.35774068155291,NA,NA,NA,NA,3.30188679245283
"96",3.22050607952678,3.33689469786315,3.61008390660005,3.64062216548478,3.5654020384987,3.61681224987179,3.61569890282681,3.64136865053728,3.69369066120876,3.6535834775883,3.65506758554557,3.73058468581758,3.6910485446763,3.67916582610384,3.76952654021927,3.83395122557096,3.88872645040945,4.06702308881279,3.91374569886245,3.76962096810222,3.7544930283719,3.69951948310104,8.44054191991775,3.86270002159509,NA,NA,4.57884115965145,3.63618859271074,3.61329676522234,7.27805012778535,3.62033582814426,3.61627078610855,3.65783886598128,3.69545701450513,3.71008659244438,3.67755957484569,3.64103843788757,3.69706006563833,3.68367105510791,3.74050469995104,3.73216142526782,3.77098480414828,3.77433213691674,3.7435831215544,3.64106963238945,3.61478344272395,3.6370127688172,3.6522633744856
"97",3.7454511968642,4.44646191025114,141.484010443564,3.80653446076269,3.84646222951095,3.83178920684195,3.81340449177579,3.89646187696951,29.3262723177734,3.96455763298209,4.00277471855354,3.97544218378369,3.94385689000498,3.98722354183286,4.07399134591522,4.20435644874936,4.34662993021504,4.33384580438511,4.13510574986651,4.00004809595854,3.89469540756644,4.02247216057192,4.16625890265342,173.019828652571,4.14208343523274,5.24827728092167,3.79645512670986,3.9217844429284,3.87220338309175,17.0849399871685,3.84648212947864,3.80376364737472,3.79680965054193,3.81594564749225,3.86610854822705,3.88478793457317,3.84984780292051,3.90315478639591,3.92916849066224,3.97122870326633,4.08991068482446,3.9867681985555,3.96929315851963,3.92612088007603,3.96899463923753,3.49492449796409,3.91861776179515,4.08183808313196
"98",3.86904761904762,3.7154686095463,3.21268258665449,3.58528625166928,3.66391206332108,3.66232451167563,3.68254064199188,3.76409433914634,3.86474209220584,3.81657609394951,3.78538909098527,3.79003313854301,3.82596192387781,3.80942779092377,3.97691373854663,4.17418042924575,9.40303249188313,4.1129279727226,3.98334391845421,3.82907867159692,3.66506037549917,3.76291577546145,3.74583650995941,3.80741037533845,NA,NA,3.71876815804765,3.65889987522389,3.66832172146541,3.65990739288532,3.64921759886848,3.67780622406916,3.7113318911836,3.75078818867759,3.75649390604356,3.71695650055926,3.74121939338456,3.78371165451382,4.11996051316869,3.80481270205161,3.87869715088572,3.90916550944841,3.89777624552722,3.82848798327657,3.68892357274429,3.63499406820255,3.70342539671961,3.89920424403183
"99",3.7573996405033,3.02573712761255,3.7859519866205,3.74820179800013,3.6948726487091,3.72274454039224,3.71322167183652,3.81720528978848,3.91382882279128,3.88211767929829,3.81125416385184,3.80145860267332,3.82732193491686,3.83370357374951,3.89746079873969,4.01885820701515,4.00666258700883,4.32611876265365,4.07865318980829,3.88546472642408,3.82134502364227,3.68804197961338,3.8148713435291,4.09106149025008,3.8622754491018,7.12166172106825,4.03430095437967,3.77301240770009,3.67070939335921,3.76806639917082,3.69869412465276,3.78319483096721,3.73203548520482,3.77254322075266,3.80419921642942,3.7938377988027,3.79814501069737,3.83522749695433,3.89985947426371,3.83919835013318,3.95671305283906,3.8537543450925,4.03487182914,3.9050029410664,3.60088897078047,3.9513614264749,3.79871105204246,4.11322101058029
"100",3.86751802335101,3.8083271444437,3.78389184757169,3.74206855264656,3.72190950697843,3.72448104667541,3.73774499731896,3.85228924458626,3.97020105219459,3.93097143167548,3.88261774861503,3.91748368961763,3.89975349003962,3.92107866820999,4.00398018767947,4.10934694666028,4.09791622536189,4.29988572789943,4.11787774861669,3.89766141491605,8.58165469523306,3.87219100437531,3.96038829982436,3.8588855924869,4.1107762423487,3.91492441478074,3.75989039582021,3.73509193757747,13.6200290651666,3.70491127613654,3.72605958082046,3.71564325824385,3.73925345162395,3.75996874884629,3.76775172795817,3.81226509775733,3.82905520823604,3.8917851093792,3.88240158944419,3.89905378693023,5.44272861016677,3.96246131879629,3.99492717857944,3.87629826451817,3.80634523209448,3.8596467340157,3.80316972141985,3.99100788630773
"101",3.80348985047971,3.68572323803212,3.69444583142115,3.69312192981787,3.66643299160251,3.71822191282622,3.76512936349784,3.91045201652321,4.00430411523073,4.02118597624683,3.91792432373615,3.96210736993496,4.07702279858277,3.9791030817555,4.05507858944935,4.11401831993546,4.16258653057736,4.26519333647995,4.10157548927283,3.97476131647913,3.83600515163975,3.98149983304883,3.8096450386597,3.90635662613722,3.74301675977654,NA,3.90805949182637,3.61009149499253,3.74680994984469,3.70944070820603,19.5440172428008,3.66825473994529,3.78746339961453,3.78317538156042,3.79806132595243,3.81083145483987,3.85241449921468,4.11191047535283,3.92438933526319,3.9262634597146,3.95818754744246,4.04452060018965,3.98125149739988,3.984694844984,3.97054011827814,3.81458135354149,4.05520297036414,3.81640907281976
"102",3.97250905944515,4.3148305846964,3.73105500928337,3.73976326833191,3.76773210356654,4.12673023154123,3.73016228157421,3.8984022522514,3.98719652770356,3.9797213862905,3.9754734109917,3.96304933955882,3.95418516888365,4.04682591184045,4.10796807669208,4.32769514190778,4.24467386097596,4.31883518925011,4.17293218063924,3.96030843607341,3.86516678876585,3.89692979265486,3.80283440357903,4.40145524611191,NA,3.789592760181,3.69049570058516,3.77008630222033,3.61209527862333,3.71797417290345,3.73338651762492,3.75711719668213,3.75739859925164,3.79275922512887,3.82060632871656,3.83233850262478,3.85854894227353,3.9244730035969,3.93029342259477,4.04894323214465,4.08155256811509,4.11657075434625,4.13769521772208,3.9170596790761,3.79627009265826,3.7602080389831,4.00392665017474,3.81358408693826
"103",3.76344086021505,4.19847328244275,3.91048824851104,3.90090870002027,3.85265804050757,3.87609120678628,3.85879990921974,3.93235962488343,4.00968279178952,4.04114880867026,4.01198350035316,4.02678253226409,4.11354056312606,4.09824463560687,4.23166091128581,4.35377427356855,4.37140921108989,4.50116224943936,4.38661593560686,4.17827701764535,3.87463443698868,5.3606106535934,3.9588552156127,3.89587823868385,4.09090909090909,3.82716049382716,3.89171327930073,3.81563066652522,3.880185799492,3.80209369918092,3.82138343842874,3.84432987480273,3.8878244363672,3.86669020119244,3.87354819799041,3.89744130870016,4.01800252066151,4.02414636038593,4.11313091854719,4.13098881317908,4.17145365176923,4.12529328201437,4.17909095093449,3.97169090204023,4.21816045577234,4.01112322768257,3.91108874894501,NA
"104",4.30115739230113,3.7294874216347,4.4252784767008,4.02467491008595,3.94543377641455,3.92590384134433,3.96170870568381,4.07071923779976,9.59033183841514,4.15629697475406,4.05392286701004,4.11710228418617,4.12220307730446,4.1135445409264,4.33216458441493,4.48343505835024,4.51261726325088,4.70194039110281,4.36812858562774,4.15811447761803,4.23588953094809,4.0446896370789,3.8730040265732,4.16283930989813,4.41841054313099,4.43181818181818,3.88579872128742,3.91415513054117,4.0312490635442,3.79016042203625,3.87568410338129,3.98683852518874,3.90325531184317,3.9208314482442,4.05103409793752,4.06645316630893,4.08413328265457,4.2792023313233,4.21204434929561,4.44846118932552,4.52874527516942,4.50783048576199,4.33802661981825,4.13129869962221,4.63989243567058,4.03680115842034,3.98127055953974,3.92643733850129
"105",3.96161361842847,3.69266643468824,4.10665957427346,4.11272538988172,4.00354239893625,3.95248363955052,3.95240283763656,3.99082544966768,4.03576285607075,4.03417925938151,5.94493301489704,4.00879062940191,4.07783326612002,4.09483841270273,19.714434661814,4.41348078150701,71.0542231468274,4.62323906975939,4.49519461803294,4.22493010539682,4.15195250123725,4.24852802002263,4.17206315955522,4.38194593439927,4.11111111111111,3.80291263671986,4.61087575635655,4.1712034947276,3.95325130813918,3.95970194722297,3.96455047629565,3.86297131043666,3.89344770005404,3.94172188784604,4.01046040291296,4.10318791304957,4.02667518344336,4.12624219565098,4.20895647656202,4.20807913635422,4.27948175570375,4.39877873985102,4.30381234083696,4.26534402340063,4.16309097679109,4.1269732050879,3.90966132829944,5.85298227658758
"106",4.75948087070786,9.30954228083786,4.29818237055642,3.81787857571192,4.10027697351086,4.05644869424926,4.03948580253888,4.09320034564409,4.06879012283155,4.10460754662128,4.1478847998479,4.11545872926599,4.12642522271217,4.20316295837446,4.31386067995683,4.61599216464349,4.69457718655728,4.7371368213544,4.65225734563873,4.31030623628281,4.36961538146007,4.36729703399992,4.08337702487889,4.40142660310822,3.84615384615385,4.91803278688525,3.97752766460421,3.83567117187196,4.19789814856481,4.02441783920784,4.07407199104497,4.01160928583006,4.00922238235338,4.06148694913223,4.05594790273793,4.06649754294073,4.15549061700537,4.3162459548959,4.31652975523022,4.40417376539283,4.39944733475731,4.59456003680943,4.49020456353063,4.41187797785183,4.26425807534764,3.99271538851227,4.03808174714911,4.20994119161064
"107",3.83998619217975,3.87417218543046,4.00793368307513,3.86698645970989,3.95870699093355,3.95927951599598,3.95951319892176,4.0071329076645,4.09607228826148,4.12107954443274,4.04917507982094,4.07216858818776,4.08927496568905,4.07984182050622,4.24330844141369,4.47037383140444,4.58921962668685,4.58652343704104,4.40761747027565,4.30501867073641,4.19288557291604,4.18997110589759,3.98804846243185,3.95831950655757,3.88888888888889,3.85871862177993,3.9557003545913,4.00331230962807,3.92833603195812,3.92305349487939,3.95692216037611,3.8778165148806,3.89803523414943,3.93191775893531,3.96047876868175,4.07855333253887,4.11262308889108,4.15383471031088,4.14213526056318,4.19372100370717,4.33585359662557,4.29571180260579,4.32445009244598,4.20640236108237,4.160319746376,4.00566382866591,3.98237682205073,4.26203225449778
"108",4.38477226376614,NA,4.00888329969254,4.17787730150017,4.00739169334964,3.95164391609524,3.980152299399,4.04316158978548,4.09922672450571,4.22412295303159,4.09496902293283,4.19969516588315,4.32005141481275,4.21272912627282,4.41870207031284,4.55915533986265,4.55276879942379,4.69425915351724,4.80431319149822,4.41205663280179,4.33363716949087,3.86112961430178,4.53772452669569,4.50240183792815,NA,NA,4.08538629126864,3.96947064081856,4.02140891467835,4.00283161511232,3.8546947902814,4.27565712368229,4.09431415943255,3.95070027782678,4.08950642257662,4.22685820200298,4.21089624230067,4.28067790681243,4.30466167722078,4.49929229689147,4.46589143654371,4.45791884824737,4.42016437264544,4.43504280167595,4.89363999226392,3.72173633588137,3.91025641025641,3.88219544846051
"109",NA,NA,4.44853565966125,4.09039888536135,3.82364759991809,4.07796243581536,3.9985362937057,4.02138882686493,6.73513779311819,4.06065160271593,4.10541894713411,4.03640318199965,4.06971764197255,4.15882240293319,4.18370513375316,4.53598980988575,4.6229025448391,4.93140697116244,5.11262128349047,4.06059589548943,4.85959873957959,NA,4.06505031993369,NA,NA,4.23155044008125,4.02743997076839,NA,4.03247934184779,3.79902285385394,3.98842684954329,NA,3.85803113803678,3.95041387841418,4.03350805211898,3.72488591876492,3.91381949888616,4.40077228019266,4.62213682643187,4.42752247993079,4.45976309556838,4.23235687162887,4.51860725829747,3.72670807453416,4.27539448738006,NA,NA,NA
"110",0.0441014332965821,3.65466101694915,3.63029515780852,3.63389735281081,3.6574348654162,3.62210213545405,3.68898774952577,3.76769427650334,3.8668249174372,3.82673756659382,3.75259157352995,3.82366531764727,3.81211332330804,3.86921563087777,3.88275551130375,4.11720575856556,4.07625683976884,4.10448489952324,4.08480231563123,3.97492905281543,3.65666426693345,3.75375927269354,3.58844057616115,4.03338991367742,NA,NA,3.7037037037037,3.57064307722359,3.64975412755509,3.61064141490101,3.63950051876569,3.75308991435114,3.67653726843179,3.69720563884158,3.78460470433189,3.8146975128249,3.78405806304846,3.79516915487493,30.6920664518504,3.82717084722761,3.88690584985571,3.80598906611755,3.84756483753923,3.85108349199046,3.72756276391694,NA,3.3041958041958,NA
"111",4.7941342357586,3.51365785668694,3.56303848662669,3.48017604155338,3.55643624784884,3.56499189765139,3.58490819105992,3.58437860965467,3.68392504713351,3.63000659107911,3.58200116152962,3.58425734878893,3.73832151749837,3.72761498338913,3.72755558789169,3.94608753508635,4.06186896343015,4.05202860800827,3.71294793923489,3.79428503301382,3.53607243834396,2.51218450826806,3.61386138613861,3.73056994818653,NA,NA,3.58043368633384,3.45270220639705,3.30089173977037,3.58500876719844,3.59965792612974,3.52021667353251,3.61659162487433,3.61726840147623,3.6569331616355,3.70030541796167,3.68784058626907,3.5493681340158,3.73545819701648,3.63553303796197,3.73427769898404,3.72334019317267,3.77418562541103,3.97841560697213,3.49375622615954,3.56378276992066,NA,3.73613021549748
"112",NA,3.25726904674273,3.34548643425313,3.52039532919181,3.52867834429042,3.48495312046114,3.57111119601033,3.51848401390725,3.53597057178702,3.45896334520903,3.70472710677852,3.59495716833923,3.44884210051601,3.5873651621268,3.87175541409023,3.8799533218445,3.81883737188951,3.64507373113331,3.53237534060227,3.97207510832932,NA,3.61777623670828,3.52697095435685,NA,NA,NA,NA,3.38645418326693,NA,3.53055639343399,3.62839463216098,3.55918702853709,3.51595269897042,3.62771472157192,3.48628535251602,3.2829150910966,2.72976433997767,3.58029190987506,3.38411517361527,3.59334750438175,3.61039110117419,3.51081917141584,3.60668932874284,NA,NA,NA,NA,NA
"113",NA,NA,NA,3.53574144610607,3.23463258619793,3.42085717662701,3.52560949209376,3.6080159161826,3.27649234079163,NA,3.54858522273091,3.57069116360455,3.39555941756923,3.60176211210152,3.26537192930636,3.79701808138094,3.48556630892771,3.61849067112225,4.06748750175067,3.59903381642512,3.04908536585366,NA,3.62768496420048,4.88721804511278,NA,NA,NA,3.28813559322034,3.51307189542484,3.26642335766423,3.41443631348544,3.46541173331909,3.19129681543366,NA,3.77270610153703,3.6944583125312,3.65384615384615,3.52126855095366,3.31078675685297,3.5800067180021,3.77828054298643,3.23636363636364,NA,3.44387640463459,NA,NA,NA,NA
"114",NA,NA,NA,3.35353535353535,3.99308364402707,3.38204592901879,NA,3.43096234309623,3.28793774319066,NA,3.32536837913182,3.56517935258093,NA,NA,NA,3.53793691389599,NA,NA,3.64161849710983,3.37837837837838,3.35276967930029,NA,NA,NA,NA,NA,NA,NA,NA,NA,NA,NA,3.314696485623,NA,NA,NA,NA,NA,NA,3.41506129597198,3.36620926243568,NA,NA,3.42920353982301,NA,NA,NA,NA
"115",NA,3.43137254901961,2.32142857142857,NA,3.42874396135266,3.35284520326294,3.40548506136967,3.36523568616628,3.55173262756201,3.3657917019475,NA,3.4085893707179,3.40218626497455,3.42465678249785,3.5525271171182,3.6484769487051,NA,3.47072800687362,NA,3.43957191556358,NA,NA,NA,NA,NA,NA,NA,3.41184437191169,3.45454545454545,3.34883657501154,3.42944517256444,3.38216286083585,3.42330308149872,NA,3.38331342494686,NA,3.39055793991416,NA,3.39812964812965,3.53152614805157,3.3402489626556,NA,NA,NA,NA,NA,NA,NA
"116",NA,3.7199124726477,3.61032289810265,3.64352414033266,3.63545546524222,3.64225736558453,3.88907090854739,3.77819639773371,3.83908527852291,3.84764484704414,3.79139423751562,3.77761636105327,3.86409038582231,3.8734970817402,3.99748945804386,4.05372586404331,4.0926650137169,4.13305802523213,4.00647344902529,3.85690569964667,3.70235281367443,3.70562934003511,3.9737607461434,3.85826913056616,NA,NA,3.9211900707656,3.68349396137573,3.64745060483783,3.60658032958691,3.64423519417891,3.63107318125146,3.68881217116535,3.7252806177881,3.70423209288225,3.76570578640281,3.77354457659597,3.79704227169467,3.84011000936926,3.83190505363473,3.8436549510289,4.15176241618234,3.79207493277918,3.80755424177463,3.74863803150535,3.67926982526075,3.98876404494382,NA
"117",NA,NA,3.82183908045977,3.73493975903614,3.97401456698405,3.87862643795396,3.83301796879871,3.89834550218052,4.03653591505422,4.09102699625475,4.06232536218344,3.8594464020264,4.02016421445307,4.11257738157756,4.20086540762889,4.29001278738263,4.54907251545517,3.78417366946779,4.21189549391839,4.49582296897733,4.15787698947936,3.7519541427827,3.8607314997544,NA,NA,NA,NA,3.81347150259067,3.86872617461094,3.80376831928627,3.60219236840105,3.86304869061282,3.88474951129788,3.78615257450057,3.99443471745043,4.02099794213825,3.86471943720655,3.94820418511229,3.98433166852813,3.67242682716801,3.74356920986216,4.04739046901638,4.20956346700299,3.82683155025831,NA,NA,NA,NA
"118",NA,NA,1.9300861506094,3.65796347841651,3.65195627891349,3.65901804921991,3.6578716471976,3.78254421723748,3.85013541460321,3.91665661875049,3.83345444882616,20.1989584339841,3.81230102668834,3.92363188547429,3.92132732822514,4.03921005545779,4.11799265975271,4.18585358326941,3.99009940241207,3.85340079533528,3.79721006282823,3.97501358437401,3.72037502045123,4.24268137462877,NA,NA,NA,3.4379554211135,3.68659421543821,3.64942523994344,3.66873667540932,3.75115664777994,3.7163618225007,3.66633540527608,3.73824460634031,3.69872709909041,3.73707522182366,5.03633245157855,3.85578845863556,3.93507326858407,3.94315822898048,3.99035299551427,3.44626648001456,3.77849159116638,3.82403134454847,NA,3.78746018154541,3.73056994818653
"119",NA,5.51121246674268,NA,NA,NA,NA,NA,3.17011038777243,NA,4.2,NA,NA,NA,NA,NA,3.36858006042296,NA,NA,3.36148648648649,NA,NA,NA,NA,NA,NA,NA,NA,NA,NA,NA,NA,NA,NA,3.06009415674328,NA,NA,NA,4.61156438453352,NA,NA,NA,NA,NA,NA,NA,NA,NA,NA
"120",NA,NA,NA,NA,NA,NA,NA,NA,NA,NA,NA,NA,NA,NA,NA,NA,NA,NA,NA,NA,NA,NA,NA,NA,NA,NA,NA,NA,NA,NA,NA,NA,NA,NA,NA,NA,NA,NA,NA,NA,NA,NA,NA,NA,NA,NA,NA,NA
"121",NA,NA,NA,NA,NA,NA,NA,NA,NA,4.09414556962025,NA,3.23881373569199,NA,NA,NA,3.72340425531915,NA,NA,3.53535353535354,3.67668514735921,NA,NA,NA,NA,NA,NA,NA,NA,NA,NA,NA,NA,NA,NA,NA,NA,3.33041191936897,NA,3.47432024169184,NA,NA,NA,NA,NA,NA,NA,NA,NA
"122",NA,NA,NA,NA,NA,NA,NA,NA,NA,NA,NA,NA,NA,NA,NA,NA,NA,NA,NA,NA,NA,NA,NA,NA,NA,NA,NA,NA,NA,NA,NA,NA,NA,NA,NA,NA,NA,NA,NA,NA,NA,NA,NA,NA,NA,NA,NA,NA
"123",NA,NA,NA,NA,NA,NA,3.69942196531792,NA,NA,NA,NA,NA,NA,NA,NA,NA,NA,NA,NA,NA,NA,NA,NA,NA,NA,NA,NA,NA,NA,NA,NA,NA,NA,NA,NA,NA,NA,NA,NA,NA,NA,NA,NA,NA,NA,NA,NA,NA
"124",NA,NA,NA,NA,NA,NA,NA,NA,NA,NA,NA,NA,NA,NA,NA,NA,NA,NA,NA,NA,NA,NA,NA,NA,NA,NA,NA,NA,NA,NA,NA,NA,NA,NA,NA,NA,NA,NA,NA,NA,NA,NA,NA,NA,NA,NA,NA,NA
"125",NA,NA,NA,NA,NA,NA,NA,NA,NA,NA,NA,NA,NA,NA,NA,NA,NA,NA,NA,NA,NA,NA,NA,NA,NA,NA,NA,NA,NA,NA,NA,NA,NA,NA,NA,NA,NA,NA,NA,NA,NA,NA,NA,NA,NA,NA,NA,NA
"126",NA,NA,NA,NA,4.35374149659864,NA,NA,NA,NA,NA,NA,NA,NA,NA,NA,NA,NA,NA,NA,NA,NA,NA,NA,NA,NA,NA,NA,NA,NA,NA,NA,NA,NA,NA,NA,NA,NA,NA,NA,NA,NA,NA,NA,NA,NA,NA,NA,NA
"127",NA,NA,NA,NA,NA,NA,NA,NA,NA,NA,NA,NA,NA,NA,NA,NA,NA,NA,NA,NA,NA,NA,NA,NA,NA,NA,NA,NA,NA,NA,NA,NA,NA,NA,NA,NA,NA,NA,NA,NA,NA,NA,NA,NA,NA,NA,NA,NA
"128",NA,NA,NA,NA,NA,NA,NA,NA,NA,NA,NA,NA,NA,NA,NA,NA,NA,NA,NA,NA,NA,NA,NA,NA,NA,NA,NA,NA,NA,NA,NA,NA,NA,NA,NA,NA,NA,NA,NA,NA,NA,NA,NA,NA,NA,NA,NA,NA
"129",NA,NA,NA,NA,3.42911877394636,3.44106463878327,NA,NA,3.65900383141762,NA,NA,3.7219730941704,NA,NA,4.04059040590406,3.15679624315158,NA,NA,NA,NA,NA,NA,NA,NA,NA,NA,NA,NA,NA,NA,NA,NA,NA,NA,NA,3.87755102040816,NA,NA,NA,NA,NA,NA,NA,3.73046875,NA,NA,NA,NA
"130",NA,NA,NA,NA,NA,3.54691075514874,NA,NA,NA,NA,NA,NA,NA,NA,NA,NA,NA,NA,NA,NA,NA,NA,NA,NA,NA,NA,NA,NA,NA,NA,NA,NA,NA,NA,NA,NA,NA,NA,NA,3.4280303030303,NA,NA,NA,NA,NA,NA,NA,NA
"131",NA,NA,NA,NA,3.59459459459459,NA,NA,NA,NA,NA,NA,NA,NA,NA,NA,NA,NA,NA,NA,NA,NA,NA,NA,NA,NA,NA,NA,NA,NA,NA,NA,NA,NA,NA,NA,NA,NA,NA,NA,NA,NA,NA,NA,NA,NA,NA,NA,NA
"132",NA,NA,NA,NA,NA,NA,NA,NA,NA,NA,NA,NA,NA,NA,NA,NA,NA,NA,NA,NA,NA,NA,NA,NA,NA,NA,NA,NA,NA,NA,NA,NA,NA,NA,NA,NA,NA,NA,NA,NA,NA,NA,3.80130597014925,NA,NA,NA,NA,NA
"133",NA,NA,NA,NA,NA,NA,NA,NA,3.13157894736842,NA,NA,NA,NA,NA,NA,NA,NA,NA,NA,NA,NA,NA,NA,NA,NA,NA,NA,NA,NA,NA,NA,NA,NA,NA,NA,NA,NA,NA,NA,NA,NA,NA,NA,NA,NA,NA,NA,NA
"134",NA,NA,NA,NA,NA,NA,NA,3.23397075365579,NA,NA,NA,NA,NA,NA,NA,NA,NA,NA,NA,NA,NA,NA,NA,NA,NA,NA,NA,NA,3.17365269461078,NA,NA,NA,NA,NA,NA,2.88624787775891,NA,NA,NA,NA,NA,NA,NA,NA,NA,NA,NA,3.41922695738355
"135",NA,NA,NA,NA,NA,NA,NA,NA,NA,NA,NA,NA,NA,NA,NA,NA,NA,NA,NA,NA,NA,NA,NA,NA,NA,NA,NA,NA,NA,NA,NA,NA,NA,NA,NA,NA,NA,NA,NA,NA,NA,NA,NA,NA,NA,NA,NA,NA
"136",NA,4.88322717622081,NA,NA,NA,NA,NA,NA,NA,NA,NA,NA,NA,NA,NA,NA,NA,NA,NA,NA,NA,5.625,NA,NA,NA,NA,NA,NA,NA,NA,NA,NA,NA,NA,NA,NA,NA,NA,NA,NA,NA,NA,NA,NA,NA,NA,NA,NA
"137",NA,NA,NA,NA,NA,NA,NA,NA,NA,NA,NA,NA,NA,NA,NA,NA,NA,NA,NA,NA,NA,NA,NA,NA,NA,NA,NA,NA,NA,NA,NA,NA,NA,NA,NA,NA,NA,NA,NA,NA,NA,NA,NA,NA,NA,NA,NA,NA
"138",NA,NA,3.06731042317523,NA,3.3955223880597,NA,NA,NA,0,NA,NA,NA,NA,NA,NA,NA,3.41787813176616,NA,3.61574335782928,NA,NA,3.36890243902439,NA,3.37316885119507,NA,NA,NA,NA,NA,NA,NA,NA,NA,NA,NA,NA,NA,NA,NA,4.66019417475728,NA,NA,NA,NA,NA,4.31654676258993,NA,NA
"139",NA,NA,NA,NA,NA,3.64532019704433,NA,NA,NA,NA,NA,NA,NA,3.83720930232558,NA,3.27844311377246,NA,3.62627986348123,NA,NA,NA,NA,NA,NA,NA,NA,NA,NA,NA,NA,NA,NA,NA,NA,NA,NA,NA,NA,NA,NA,3.91879131255902,NA,NA,NA,NA,NA,NA,NA
"140",NA,NA,NA,NA,NA,NA,NA,4.09564393939394,NA,NA,NA,NA,NA,3.75,NA,NA,4.10788381742739,NA,NA,NA,NA,NA,NA,NA,NA,NA,NA,NA,NA,NA,NA,NA,NA,NA,NA,NA,NA,NA,NA,NA,NA,NA,3.7037037037037,NA,NA,NA,NA,NA
"141",NA,NA,NA,NA,NA,NA,NA,NA,NA,NA,NA,NA,NA,NA,NA,NA,NA,NA,NA,NA,NA,NA,6.33484162895928,NA,NA,NA,NA,NA,NA,NA,NA,3.66161616161616,NA,NA,NA,NA,NA,NA,NA,NA,NA,NA,NA,NA,NA,NA,NA,NA
"142",NA,NA,NA,3.77313151942246,3.63096952693105,3.78269409725105,3.84153480748001,3.60899245672084,3.95130527784395,3.74891304347826,5.62537352215149,3.84615384615385,3.96633182000548,4.2590171999954,4.30477298032948,4.18290626136254,4.99870471611289,4.07087783049519,3.93299189073837,NA,NA,NA,4.99938158405095,NA,NA,NA,3.58659745162813,3.66098294884654,3.65853658536585,3.6231884057971,3.63849765258216,3.69092039800995,NA,3.53364762970689,3.69822485207101,NA,3.34365861532034,NA,3.43916752677832,3.90042578963789,3.5127468377098,4.01287477954145,3.73096446700508,3.85298797736917,NA,NA,NA,NA
"143",NA,NA,NA,NA,NA,NA,NA,NA,NA,NA,NA,NA,NA,NA,NA,NA,NA,NA,NA,NA,NA,NA,NA,NA,NA,NA,NA,NA,NA,NA,NA,NA,NA,NA,NA,NA,NA,NA,NA,NA,NA,NA,NA,NA,NA,NA,NA,NA
"144",NA,NA,NA,NA,NA,NA,NA,NA,NA,NA,NA,NA,NA,NA,NA,NA,NA,NA,NA,NA,NA,NA,NA,NA,NA,NA,NA,NA,NA,NA,NA,NA,NA,NA,NA,NA,NA,NA,NA,NA,NA,NA,NA,NA,NA,NA,NA,NA
"145",NA,NA,NA,NA,NA,NA,NA,NA,NA,NA,NA,5.20833333333333,NA,NA,NA,NA,NA,NA,4.23232389499236,3.42857142857143,NA,NA,NA,NA,NA,NA,NA,NA,NA,NA,NA,NA,NA,NA,NA,NA,NA,NA,NA,NA,NA,NA,NA,NA,NA,NA,NA,NA
"146",NA,NA,NA,NA,NA,NA,NA,NA,NA,NA,NA,NA,NA,NA,NA,NA,NA,NA,NA,NA,NA,NA,NA,NA,NA,NA,NA,NA,NA,NA,NA,NA,NA,NA,NA,NA,NA,NA,NA,NA,NA,NA,NA,NA,NA,NA,NA,NA
"147",NA,NA,NA,NA,NA,NA,NA,NA,NA,NA,NA,NA,NA,NA,NA,NA,NA,NA,NA,NA,NA,NA,NA,NA,NA,NA,NA,NA,NA,NA,NA,NA,NA,NA,NA,NA,NA,NA,NA,NA,NA,NA,NA,NA,NA,NA,NA,NA
"148",NA,NA,NA,NA,NA,NA,NA,NA,NA,NA,NA,NA,NA,NA,NA,NA,NA,NA,NA,NA,NA,NA,NA,NA,NA,NA,NA,NA,NA,NA,NA,NA,NA,NA,NA,NA,NA,NA,NA,NA,NA,NA,NA,NA,NA,NA,NA,NA
"149",NA,NA,NA,NA,NA,NA,NA,NA,NA,NA,NA,NA,NA,NA,NA,NA,NA,NA,NA,NA,NA,NA,NA,NA,NA,NA,NA,NA,NA,NA,NA,NA,NA,NA,NA,NA,NA,NA,NA,NA,NA,NA,NA,NA,NA,NA,NA,NA
"150",NA,NA,NA,NA,NA,NA,NA,NA,NA,NA,NA,NA,NA,NA,NA,NA,NA,NA,NA,NA,NA,NA,NA,NA,NA,NA,NA,NA,NA,NA,NA,NA,NA,NA,NA,NA,NA,NA,NA,NA,NA,NA,NA,NA,NA,NA,NA,NA
"151",NA,NA,NA,NA,NA,NA,NA,NA,NA,NA,NA,NA,NA,NA,NA,NA,NA,NA,NA,NA,NA,NA,NA,NA,NA,NA,NA,NA,NA,NA,NA,NA,NA,NA,NA,NA,NA,NA,NA,NA,NA,NA,NA,NA,NA,NA,NA,NA
"152",NA,NA,NA,NA,NA,NA,NA,NA,NA,NA,NA,NA,NA,NA,NA,NA,NA,NA,NA,NA,NA,NA,NA,NA,NA,NA,NA,NA,NA,NA,NA,NA,NA,NA,NA,NA,NA,NA,NA,NA,NA,NA,NA,NA,NA,NA,NA,NA
"153",NA,NA,NA,NA,NA,NA,NA,NA,NA,NA,NA,NA,NA,NA,NA,NA,NA,NA,NA,NA,NA,NA,NA,NA,NA,NA,NA,NA,NA,NA,NA,NA,NA,NA,NA,NA,NA,NA,NA,NA,NA,NA,NA,NA,NA,NA,NA,NA
"154",NA,NA,NA,NA,NA,NA,NA,NA,NA,NA,NA,NA,NA,NA,NA,NA,NA,NA,NA,NA,NA,NA,NA,NA,NA,NA,NA,NA,NA,NA,NA,NA,NA,NA,NA,NA,NA,NA,NA,NA,NA,NA,NA,NA,NA,NA,NA,NA
"155",NA,NA,NA,NA,NA,NA,NA,NA,NA,NA,NA,NA,NA,NA,NA,NA,NA,NA,NA,NA,NA,NA,NA,NA,NA,NA,NA,NA,NA,NA,NA,NA,NA,NA,NA,NA,NA,NA,NA,NA,NA,NA,NA,NA,NA,NA,NA,NA
"156",NA,NA,NA,NA,NA,NA,NA,NA,NA,NA,NA,NA,NA,NA,NA,NA,NA,NA,NA,NA,NA,NA,NA,NA,NA,NA,NA,NA,NA,NA,NA,NA,NA,NA,NA,NA,NA,NA,NA,NA,NA,NA,NA,NA,NA,NA,NA,NA
"157",NA,NA,NA,NA,NA,NA,3.55855855855856,NA,3.27074500302847,NA,NA,NA,NA,NA,NA,NA,NA,NA,NA,NA,NA,NA,NA,NA,NA,NA,NA,NA,NA,NA,NA,NA,NA,NA,NA,NA,NA,NA,NA,NA,NA,NA,NA,NA,NA,NA,NA,NA
"158",NA,NA,NA,NA,NA,3.08781869688385,NA,NA,NA,NA,NA,NA,NA,NA,NA,NA,NA,NA,NA,NA,NA,NA,NA,NA,NA,NA,NA,NA,NA,NA,NA,NA,NA,NA,NA,NA,NA,NA,NA,NA,NA,NA,NA,NA,NA,NA,NA,NA
"159",NA,NA,NA,NA,NA,NA,NA,NA,NA,NA,NA,NA,NA,NA,NA,NA,NA,NA,NA,NA,NA,NA,NA,NA,NA,NA,NA,NA,NA,NA,NA,NA,NA,NA,NA,NA,NA,NA,NA,NA,NA,NA,NA,NA,NA,NA,NA,NA
"160",NA,NA,NA,NA,NA,NA,NA,NA,NA,NA,NA,NA,NA,NA,NA,NA,NA,NA,3.25471698113208,NA,NA,NA,NA,NA,NA,NA,NA,NA,NA,NA,NA,NA,NA,NA,NA,NA,NA,NA,NA,NA,3.08792211743231,NA,NA,NA,NA,NA,NA,NA
"161",NA,NA,NA,NA,NA,NA,NA,NA,NA,NA,NA,NA,NA,NA,NA,NA,NA,NA,NA,NA,NA,NA,NA,NA,NA,NA,NA,NA,NA,NA,NA,NA,NA,NA,NA,NA,NA,NA,NA,NA,NA,NA,NA,NA,NA,NA,NA,NA
"162",NA,NA,NA,NA,3.09597523219814,NA,NA,3.70011329911566,4.10714285714286,4.35376599565966,3.8541357841684,4.27839521753385,3.09384164222874,3.16614420062696,3.13636363636364,4.54270139309509,3.60065505201636,1.58461538461538,4.24354243542435,3.71571807726334,3.7370945788932,NA,NA,NA,NA,NA,3.64077669902913,NA,NA,NA,NA,NA,NA,NA,3.983101991551,NA,NA,NA,NA,3.02248748848561,4.30308699719364,3.84499849804746,2.60054429996976,1.55974102413184,3.70484717505403,NA,NA,NA
"163",NA,NA,NA,NA,NA,NA,NA,NA,NA,NA,NA,6.38392857142857,NA,NA,NA,NA,NA,NA,NA,NA,NA,NA,NA,NA,NA,NA,NA,NA,NA,NA,NA,NA,NA,NA,NA,NA,NA,NA,NA,2.65151515151515,NA,NA,NA,NA,NA,NA,NA,NA
"164",NA,NA,NA,NA,NA,NA,NA,NA,NA,4.14473684210526,NA,NA,NA,NA,NA,NA,2.67038007863696,NA,NA,3.1413612565445,NA,NA,NA,NA,NA,NA,NA,NA,NA,NA,NA,NA,3.18091451292247,NA,NA,NA,NA,NA,4.35331230283912,NA,NA,4.99500499500499,NA,NA,NA,NA,0,NA
"165",NA,NA,NA,NA,NA,NA,NA,NA,NA,NA,NA,NA,NA,NA,NA,NA,NA,NA,NA,NA,NA,NA,NA,NA,NA,NA,NA,NA,NA,NA,NA,NA,NA,NA,NA,NA,NA,NA,NA,NA,NA,NA,NA,NA,NA,NA,NA,NA
"166",NA,NA,NA,NA,NA,NA,NA,3.02663438256659,NA,NA,NA,5.91249507292077,NA,NA,NA,3.93103448275862,NA,NA,NA,NA,NA,6.01974132877274,NA,NA,NA,NA,NA,NA,NA,NA,NA,NA,NA,NA,NA,NA,NA,NA,4.03403023882988,3.56791372271721,2.77932184546971,NA,NA,NA,NA,NA,NA,NA
"167",NA,NA,NA,NA,NA,NA,NA,NA,NA,NA,NA,NA,NA,NA,NA,NA,NA,NA,NA,NA,NA,NA,NA,NA,NA,NA,NA,NA,NA,NA,NA,NA,NA,NA,NA,NA,NA,NA,NA,NA,NA,NA,NA,NA,NA,NA,NA,NA
"168",NA,5.37634408602151,4.80349344978166,NA,3.53717967004231,3.52380952380952,3.3003300330033,3.87168193563542,5.0761421319797,5.34416417272339,NA,NA,NA,NA,3.57936860827034,NA,NA,6.49420515357931,NA,5.02262443438914,5.25494815849456,NA,NA,NA,NA,NA,NA,NA,NA,NA,NA,NA,NA,NA,NA,NA,NA,NA,NA,NA,6.18374558303887,NA,3.99504490554351,NA,NA,NA,NA,NA
"169",NA,NA,NA,NA,NA,NA,NA,NA,3.42028985507246,NA,NA,NA,NA,NA,NA,NA,NA,NA,NA,NA,NA,NA,NA,NA,NA,NA,NA,NA,NA,NA,NA,NA,NA,NA,NA,NA,NA,NA,NA,NA,NA,NA,NA,NA,NA,NA,NA,NA
"170",NA,NA,3.34071846089278,3.64339339339339,3.64151473526474,3.57860158853608,3.73804084633612,3.91917837060194,4.30684772949192,3.65552325581395,NA,3.91155901363467,3.86934673366834,3.73043415129955,4.64114832535885,4.1873305568432,3.95676834070394,4.53264443400658,4.10001701698273,NA,NA,NA,3.73152295745981,NA,NA,NA,3.46628679962013,3.55140186915888,3.75,3.56118546845124,3.74015748031496,3.73170731707317,NA,NA,3.8082686208028,3.75,3.70902817711328,NA,3.72995938219387,3.75118708452042,3.54207436399217,NA,NA,NA,NA,NA,NA,NA
"171",NA,NA,3.55250388198758,5.24874486535828,3.19107676453162,3.46930193439865,3.70267453515226,3.87438486032711,2.80626780626781,3.23151125401929,3.64952738389953,3.5252119589469,NA,3.52529187790942,NA,4.02777777777778,NA,NA,NA,NA,3.4,NA,NA,NA,NA,NA,NA,NA,3.4982174688057,3.59447004608295,NA,NA,3.39147286821705,3.57530434683744,NA,NA,NA,NA,NA,NA,3.61607142857143,NA,NA,NA,NA,NA,NA,NA
"172",NA,NA,NA,NA,3.45252774352651,3.91705069124424,3.53697749196141,NA,NA,NA,NA,NA,NA,NA,NA,NA,NA,3.37793733681462,NA,NA,NA,NA,NA,NA,NA,NA,3.20205479452055,4.75984422327997,3.38722093918399,NA,3.48781653129479,NA,NA,3.20676451818762,NA,NA,NA,NA,NA,NA,NA,NA,4.02380952380952,NA,NA,NA,NA,NA
"173",2.71623376623377,NA,3.66819508128387,4.17872097449562,NA,3.58562796600817,3.20729237002026,NA,4.80859923439694,2.40781556793173,4.43992236012989,3.69753497668221,3.64053657921946,3.79591836734694,3.63993025283348,3.73950937473834,1.84409888357257,NA,3.26064724122839,3.16705642129371,NA,5.11434511434511,3.52348993288591,6.5992080950286,NA,NA,NA,NA,3.20088300220751,NA,NA,3.16993464052288,NA,NA,NA,NA,NA,4.47941888619855,NA,NA,NA,4.60526315789474,4.24133811230585,NA,NA,NA,NA,NA
"174",NA,NA,NA,NA,NA,NA,NA,NA,NA,3.7037037037037,NA,NA,NA,NA,4.41608876560333,4.51388888888889,4.3767066238541,NA,NA,NA,3.20863746958637,2.97760838494521,4.15492957746479,NA,NA,NA,3.22847682119205,3.13609467455621,NA,NA,NA,NA,NA,NA,NA,NA,NA,4.61645569620253,NA,1.84352517985611,4.42617767941827,NA,0,3.34212840809147,NA,NA,NA,3.94736842105263
"175",3.64479854351877,3.35158249937047,3.27425480396131,3.38098106022833,3.31256130873482,286.396047749726,13.4776847387251,9.32313152878845,3.29268100959829,135.802166176511,3.22396361190137,3.74515558261949,3.37452321531752,3.2189601460319,3.33805478415056,3.38815291435135,3.36492714927933,3.40558935478513,3.37613242925168,3.47565632518393,3.43661138141167,3.56046281301221,3.39330647388401,3.56020155624016,3.21178715999198,3.49529615898808,4.14021529119514,3.17109785644579,3.19905045854213,3.18269569055676,3.20685726759932,3.19702816608497,3.16499066527338,3.41393545500749,3.27426688641442,3.19351980244719,3.41035211868795,3.50373549345012,3.35971234411492,3.33258362952659,3.3756542937567,3.32473358073761,3.33096417235925,3.53908418919484,3.26525998757159,3.27947402329355,3.30472021831981,3.45775643390107
"176",NA,NA,NA,NA,NA,NA,NA,NA,NA,3.13084112149533,3.20490367775832,3.0539578197754,3.25997531879885,NA,2.43946274971814,4.16981132075472,5.14240506329114,4.1657397199324,3.04036112586298,NA,5.07952502276557,NA,5.04587155963303,NA,NA,NA,NA,NA,NA,NA,NA,NA,NA,0,3.49226265161021,NA,NA,NA,NA,NA,NA,NA,NA,3.50602517121643,NA,NA,NA,NA
"177",NA,NA,NA,NA,NA,NA,NA,NA,NA,NA,NA,NA,NA,NA,NA,NA,NA,NA,NA,NA,NA,NA,NA,NA,NA,NA,NA,NA,NA,NA,NA,NA,NA,NA,NA,NA,NA,NA,NA,NA,NA,NA,NA,NA,NA,NA,NA,NA
"178",NA,NA,NA,NA,NA,NA,NA,NA,NA,NA,NA,NA,NA,NA,NA,NA,NA,NA,NA,NA,NA,NA,NA,NA,NA,NA,NA,NA,NA,NA,NA,NA,NA,NA,NA,NA,NA,NA,NA,NA,NA,NA,NA,NA,NA,NA,NA,NA
"179",NA,NA,NA,NA,NA,NA,NA,NA,NA,NA,NA,NA,NA,NA,NA,NA,NA,NA,NA,NA,NA,NA,NA,NA,NA,NA,NA,NA,NA,NA,NA,NA,NA,NA,NA,NA,NA,NA,NA,NA,NA,NA,NA,NA,NA,NA,NA,NA
"180",NA,NA,NA,NA,NA,NA,NA,NA,NA,NA,NA,NA,NA,NA,NA,NA,NA,NA,NA,NA,NA,NA,NA,NA,NA,NA,NA,NA,NA,NA,NA,NA,NA,NA,NA,NA,NA,NA,NA,NA,NA,NA,NA,NA,NA,NA,NA,NA
"181",NA,NA,NA,NA,NA,NA,NA,NA,NA,NA,NA,NA,NA,NA,NA,NA,NA,NA,NA,NA,NA,NA,NA,NA,NA,NA,NA,NA,NA,NA,NA,NA,NA,NA,NA,NA,NA,NA,NA,NA,NA,NA,NA,NA,NA,NA,NA,NA
"182",NA,NA,NA,NA,NA,NA,NA,NA,NA,NA,NA,NA,NA,NA,NA,NA,NA,NA,NA,NA,NA,NA,NA,NA,NA,NA,NA,NA,NA,NA,NA,NA,NA,NA,NA,NA,NA,NA,NA,NA,NA,NA,NA,NA,NA,NA,NA,NA
"183",NA,NA,NA,NA,NA,NA,3.81040892193309,NA,NA,NA,NA,NA,NA,3.54545454545455,NA,NA,NA,NA,NA,NA,NA,NA,NA,NA,NA,NA,NA,NA,NA,NA,NA,NA,NA,NA,NA,9.49759119064005,NA,NA,NA,NA,NA,NA,NA,NA,6.8259385665529,NA,NA,NA
"184",NA,NA,NA,NA,NA,NA,NA,NA,NA,NA,NA,NA,NA,NA,NA,NA,NA,NA,NA,NA,NA,NA,NA,NA,NA,NA,NA,NA,NA,NA,NA,NA,NA,NA,NA,NA,NA,NA,NA,NA,NA,NA,NA,NA,NA,NA,NA,NA
"185",NA,NA,NA,NA,NA,NA,NA,NA,NA,4.09054805401112,NA,NA,NA,NA,NA,NA,NA,NA,NA,NA,NA,NA,NA,NA,NA,NA,NA,NA,NA,NA,NA,NA,NA,NA,NA,NA,NA,NA,NA,NA,NA,NA,NA,NA,NA,NA,NA,NA
"186",NA,NA,NA,NA,NA,NA,NA,NA,NA,NA,NA,NA,NA,NA,NA,NA,NA,NA,NA,NA,NA,NA,NA,NA,NA,NA,NA,NA,NA,NA,NA,NA,NA,NA,NA,NA,NA,NA,NA,NA,NA,NA,NA,NA,NA,NA,NA,NA
"187",NA,NA,NA,NA,NA,NA,NA,NA,NA,NA,NA,NA,NA,NA,NA,NA,NA,NA,NA,NA,NA,NA,NA,NA,NA,NA,NA,NA,NA,NA,NA,NA,NA,NA,NA,NA,NA,NA,NA,NA,NA,NA,NA,NA,NA,NA,NA,NA
"188",NA,NA,NA,NA,NA,NA,NA,NA,NA,NA,NA,NA,NA,NA,NA,NA,NA,NA,NA,NA,NA,NA,NA,NA,NA,NA,NA,NA,NA,NA,NA,NA,NA,NA,NA,NA,NA,NA,NA,NA,NA,NA,NA,NA,NA,NA,NA,NA
"189",NA,NA,NA,NA,NA,NA,NA,NA,NA,NA,NA,NA,NA,NA,NA,NA,NA,NA,NA,NA,NA,NA,NA,NA,NA,NA,NA,NA,NA,NA,NA,NA,NA,NA,NA,NA,NA,NA,NA,NA,NA,NA,NA,NA,NA,NA,NA,NA
"190",NA,NA,NA,NA,NA,NA,NA,NA,NA,NA,NA,NA,NA,NA,NA,NA,NA,NA,NA,NA,NA,NA,NA,NA,NA,NA,NA,NA,NA,NA,NA,NA,NA,NA,NA,NA,NA,NA,NA,NA,NA,NA,NA,NA,NA,NA,NA,NA
"191",NA,NA,NA,NA,NA,NA,NA,NA,NA,NA,NA,NA,NA,NA,NA,NA,10.7407407407407,NA,NA,NA,NA,NA,NA,NA,NA,NA,NA,NA,NA,NA,NA,NA,NA,NA,NA,NA,NA,NA,NA,NA,NA,NA,NA,NA,NA,NA,NA,NA
"192",NA,NA,NA,NA,NA,NA,NA,NA,NA,NA,NA,NA,NA,NA,NA,NA,NA,NA,NA,NA,NA,NA,NA,NA,NA,NA,NA,NA,NA,NA,NA,NA,NA,NA,NA,NA,NA,NA,NA,NA,NA,NA,NA,NA,NA,NA,NA,NA
"193",NA,NA,NA,NA,NA,NA,NA,NA,NA,NA,NA,NA,NA,NA,NA,NA,NA,NA,NA,NA,NA,NA,NA,NA,NA,NA,NA,NA,NA,NA,NA,NA,NA,NA,NA,NA,NA,NA,NA,NA,NA,NA,NA,NA,NA,NA,NA,NA
"194",NA,NA,NA,NA,NA,NA,NA,NA,NA,NA,NA,NA,NA,NA,NA,NA,NA,NA,NA,NA,NA,NA,NA,NA,NA,NA,NA,NA,NA,NA,NA,NA,NA,NA,NA,NA,NA,NA,NA,NA,NA,NA,NA,NA,NA,NA,NA,NA
"195",NA,NA,NA,NA,NA,NA,NA,NA,NA,NA,NA,NA,NA,NA,NA,NA,NA,NA,NA,NA,NA,NA,NA,NA,NA,NA,NA,NA,NA,NA,NA,NA,NA,NA,NA,NA,NA,NA,NA,NA,NA,NA,NA,NA,NA,NA,NA,NA
